MonthYear,ActionGeo_Lat,ActionGeo_Long,ActionGeo_CountryCode,c,
201510,24,54,AE,4,
201510,24.4667,54.3667,AE,1,
201510,25.2274,55.2886,AE,3,
201510,25.2484,55.3214,AE,2,
201510,25.2501,55.303,AE,1,
201510,25.2522,55.28,AE,34,
201510,25.3573,55.4033,AE,2,
201510,31,64,AF,3,
201510,31.5819,64.9931,AF,18,
201510,32.1058,66.9083,AF,3,
201510,32.25,67.25,AF,5,
201510,32.4167,68.75,AF,1,
201510,33,65,AF,58,
201510,33.5508,68.4225,AF,4,
201510,34,65,AF,3,
201510,34.1886,68.6175,AF,1,
201510,34.2101,70.7615,AF,1,
201510,34.2433,67.2032,AF,1,
201510,34.3333,70.4167,AF,5,
201510,34.4265,70.4515,AF,1,
201510,34.5167,69.1833,AF,38,
201510,34.5167,63.7703,AF,2,
201510,34.6607,68.0952,AF,1,
201510,34.6714,70.2094,AF,1,
201510,34.8633,70.4536,AF,2,
201510,35.9829,67.4678,AF,1,
201510,36.1307,68.7083,AF,2,
201510,36.1718,67.402,AF,1,
201510,36.2154,65.9325,AF,1,
201510,36.729,68.857,AF,176,
201510,36.7341,69.5336,AF,2,
201510,36.75,72,AF,8,
201510,36.7564,66.8972,AF,1,
201510,36.8333,65.8333,AF,1,
201510,36.9029,66.2674,AF,1,
201510,28,3,AG,21,
201510,32.4833,3.66667,AG,2,
201510,33.6832,1.01927,AG,9,
201510,36.7118,4.04591,AG,3,
201510,36.7631,3.05056,AG,11,
201510,39.7756,47.6186,AJ,3,
201510,39.9614,48.3587,AJ,1,
201510,40.3953,49.8822,AJ,9,
201510,40.5,47.5,AJ,7,
201510,40.6736,19.7425,AL,1,
201510,41,20,AL,3,
201510,41.2644,19.8133,AL,1,
201510,41.3275,19.8189,AL,5,
201510,39.9805,44.5157,AM,1,
201510,40,45,AM,31,
201510,40.0908,44.5519,AM,24,
201510,40.1811,44.5136,AM,50,
201510,40.7942,43.8453,AM,4,
201510,41.1207,44.2846,AM,2,
201510,-15.1961,12.1522,AO,1,
201510,-12.5,18.5,AO,22,
201510,-9.32653,18.3509,AO,2,
201510,-9.01244,15.7478,AO,6,
201510,-8.83833,13.2344,AO,32,
201510,-5.55,12.2,AO,1,
201510,-38.0023,-57.5575,AR,4,
201510,-34.8957,-60.0167,AR,1,
201510,-34.5875,-58.6725,AR,11,
201510,-34,-64,AR,7,
201510,-26.9167,-65.2833,AR,3,
201510,-25.6833,-54.4333,AR,1,
201510,-22.5164,-63.8013,AR,2,
201510,-43.15,147.85,AS,1,
201510,-42.88,147.33,AS,2,
201510,-42.88,147.32,AS,1,
201510,-38.464,144.104,AS,2,
201510,-38.3818,142.488,AS,1,
201510,-38,147.5,AS,4,
201510,-37.8642,144.776,AS,1,
201510,-37.8167,144.967,AS,54,
201510,-37.7833,144.933,AS,2,
201510,-37.7,145.1,AS,1,
201510,-37.5627,143.863,AS,2,
201510,-37.2958,144.953,AS,2,
201510,-37.2773,144.736,AS,1,
201510,-37.15,142.85,AS,1,
201510,-36.7582,144.28,AS,47,
201510,-36.7113,142.2,AS,1,
201510,-36.1406,144.752,AS,1,
201510,-35.2833,149.217,AS,24,
201510,-35.1,138.533,AS,2,
201510,-35.0284,138.572,AS,2,
201510,-34.9333,138.6,AS,7,
201510,-34.7833,149.633,AS,2,
201510,-34.7515,149.721,AS,2,
201510,-34.7167,150.8,AS,3,
201510,-34.6229,135.475,AS,1,
201510,-34.5833,150.317,AS,1,
201510,-34.5,150.783,AS,1,
201510,-34.05,151.15,AS,4,
201510,-33.9833,151.233,AS,2,
201510,-33.9167,151.083,AS,9,
201510,-33.8833,151.117,AS,5,
201510,-33.8833,151.217,AS,63,
201510,-33.8833,151.2,AS,1,
201510,-33.85,151.25,AS,2,
201510,-33.8428,151.284,AS,1,
201510,-33.8333,150.983,AS,1,
201510,-33.8167,151,AS,22,
201510,-33.7333,151,AS,5,
201510,-32.8818,151.668,AS,2,
201510,-32.8333,138.7,AS,2,
201510,-32.7,152.083,AS,2,
201510,-32.6,147,AS,1,
201510,-32.2612,150.89,AS,4,
201510,-32.243,148.605,AS,1,
201510,-32.0952,115.825,AS,1,
201510,-32,151,AS,6,
201510,-31.9617,141.46,AS,1,
201510,-31.9333,115.833,AS,8,
201510,-31.7985,151.868,AS,2,
201510,-31.7117,148.663,AS,2,
201510,-30.9849,151.593,AS,1,
201510,-30.5552,136.894,AS,1,
201510,-30.55,150,AS,4,
201510,-30.5083,151.671,AS,1,
201510,-30.2963,153.114,AS,2,
201510,-30.1,149.3,AS,1,
201510,-29.9667,148.5,AS,1,
201510,-29.774,151.112,AS,1,
201510,-29.4354,153.36,AS,1,
201510,-28.7333,151.867,AS,1,
201510,-28.3273,153.393,AS,1,
201510,-27.5833,152.867,AS,1,
201510,-27.5606,151.954,AS,3,
201510,-27.5,153.017,AS,19,
201510,-27,133,AS,110,
201510,-26.5,153,AS,1,
201510,-23.3803,150.506,AS,1,
201510,-23.1268,150.744,AS,4,
201510,-22.6167,119.933,AS,1,
201510,-21.15,149.2,AS,2,
201510,-20.3121,118.611,AS,1,
201510,-20.0301,148.286,AS,6,
201510,-19.2664,146.806,AS,2,
201510,-19.2167,146.6,AS,2,
201510,-18,146.833,AS,1,
201510,-17.5758,146.011,AS,1,
201510,-17.5,122.133,AS,8,
201510,-15.9,136.667,AS,1,
201510,-12.6235,141.879,AS,3,
201510,46.75,13.8333,AU,1,
201510,46.7764,13.7478,AU,1,
201510,47.3333,13.3333,AU,14,
201510,47.4333,13.3833,AU,1,
201510,48.2,16.3667,AU,26,
201510,48.75,15.3167,AU,1,
201510,26,50.55,BA,53,
201510,26.1347,50.5975,BA,2,
201510,26.1547,50.6206,BA,2,
201510,26.2361,50.5831,BA,32,
201510,26.2572,50.6119,BA,2,
201510,13.1,-59.6167,BB,1,
201510,13.1667,-59.5333,BB,4,
201510,-24.6464,25.9119,BC,1,
201510,-22,24,BC,1,
201510,32.3333,-64.75,BD,6,
201510,49.6833,5.81667,BE,8,
201510,50.5,3.83333,BE,4,
201510,50.5856,5.87697,BE,1,
201510,50.7656,5.6747,BE,1,
201510,50.8333,4.33333,BE,62,
201510,50.8333,4,BE,17,
201510,50.8793,4.69905,BE,1,
201510,51.1566,4.44504,BE,1,
201510,22.4317,-73.9642,BF,1,
201510,22.75,-74.2167,BF,4,
201510,24.25,-76,BF,8,
201510,25.0833,-77.35,BF,4,
201510,21.8745,89.1354,BG,4,
201510,22.5,89.3333,BG,4,
201510,22.55,89.2333,BG,11,
201510,22.6411,92.19,BG,1,
201510,22.6667,89.8,BG,4,
201510,22.8333,90.6667,BG,2,
201510,22.8667,90.45,BG,1,
201510,23.4578,91.2044,BG,1,
201510,23.5333,90.5167,BG,13,
201510,23.65,90.6167,BG,1,
201510,23.7231,90.4086,BG,74,
201510,23.7667,90.4,BG,1,
201510,23.8553,90.0125,BG,2,
201510,24,90,BG,28,
201510,24.0667,89.0333,BG,1,
201510,24.25,89.9167,BG,3,
201510,24.5333,90.5833,BG,2,
201510,24.6833,90.2,BG,4,
201510,24.75,90.4,BG,2,
201510,24.8,90.8333,BG,1,
201510,24.85,89.3667,BG,1,
201510,24.85,89.5667,BG,2,
201510,24.8967,91.8717,BG,1,
201510,25.5672,89.5212,BG,2,
201510,25.5694,89.0408,BG,6,
201510,25.9124,89.4473,BG,5,
201510,25.9238,89.3486,BG,2,
201510,17.25,-88.75,BH,11,
201510,17.25,-88.7667,BH,3,
201510,17.4833,-88.1833,BH,1,
201510,17.55,-88.1167,BH,1,
201510,44.5384,18.6671,BK,2,
201510,-17.4333,-66.9167,BL,1,
201510,-17,-65,BL,5,
201510,-16.5,-68.15,BL,5,
201510,16.6,94.9333,BM,2,
201510,16.7769,96.1911,BM,5,
201510,16.8053,96.1561,BM,14,
201510,17.3367,96.4797,BM,2,
201510,17.6333,95.4667,BM,1,
201510,17.65,95.8,BM,1,
201510,17.7833,95.75,BM,22,
201510,18.4667,94.3667,BM,7,
201510,18.8167,95.2167,BM,2,
201510,19,94.25,BM,1,
201510,19.0833,93.8667,BM,3,
201510,19.745,96.1297,BM,1,
201510,20.7833,96.0667,BM,1,
201510,20.8833,97.7167,BM,2,
201510,22,98,BM,8,
201510,22,96.0833,BM,9,
201510,22.1167,95.1333,BM,3,
201510,22.3333,96.0833,BM,2,
201510,23.1833,94.3167,BM,2,
201510,24.4167,94.7667,BM,2,
201510,26,97.5,BM,4,
201510,9.5,2.25,BN,20,
201510,53,28,BO,24,
201510,53.1384,29.2214,BO,4,
201510,53.7017,32.2147,BO,1,
201510,53.9,27.5667,BO,121,
201510,-27.8333,-52.2667,BR,1,
201510,-23.5667,-46.7833,BR,4,
201510,-23.5333,-46.6167,BR,8,
201510,-22.9179,-43.6516,BR,3,
201510,-22.9,-43.2333,BR,11,
201510,-22.7367,-45.7474,BR,1,
201510,-11.2667,-40.75,BR,1,
201510,-10,-55,BR,24,
201510,-7.11667,-34.8667,BR,1,
201510,-6.2,-37.8833,BR,1,
201510,-3.11333,-60.0253,BR,1,
201510,27.5,90.5,BT,4,
201510,42.55,23.25,BU,1,
201510,42.6833,23.3167,BU,6,
201510,42.6833,23.5667,BU,3,
201510,43,25,BU,2,
201510,15,115,BX,2,
201510,-3.9905,30.2135,BY,2,
201510,-3.5,30,BY,4,
201510,-3.4264,29.9308,BY,3,
201510,-3.37611,29.36,BY,20,
201510,-3.3529,29.3704,BY,15,
201510,-3.2682,29.6079,BY,4,
201510,-3.10608,30.1735,BY,2,
201510,-2.9719,29.1788,BY,2,
201510,-2.6874,30.3852,BY,24,
201510,39,-101,CA,1,
201510,42.1667,-82.8167,CA,2,
201510,42.8,-80.0667,CA,1,
201510,42.9667,-82.4,CA,1,
201510,43.0833,-80.8333,CA,1,
201510,43.3167,-80.8333,CA,1,
201510,43.4333,-79.6667,CA,2,
201510,43.4667,-80.5333,CA,4,
201510,43.55,-80.25,CA,2,
201510,43.6667,-79.4167,CA,95,
201510,43.7,-79.5667,CA,7,
201510,43.8,-79.1167,CA,1,
201510,44.1,-79.1167,CA,6,
201510,44.15,-77.25,CA,3,
201510,44.3667,-75.9333,CA,1,
201510,44.6333,-64.85,CA,2,
201510,44.6667,-63.4333,CA,3,
201510,45.0333,-74.2667,CA,1,
201510,45.0333,-79.3,CA,1,
201510,45.3333,-80.0333,CA,1,
201510,45.3833,-66,CA,1,
201510,45.4,-71.9,CA,1,
201510,45.4167,-75.7,CA,53,
201510,45.4333,-73.8333,CA,1,
201510,45.5,-73.5833,CA,41,
201510,45.5167,-73.65,CA,4,
201510,45.6,-76.4833,CA,3,
201510,45.6333,-61.4,CA,1,
201510,45.6333,-64.05,CA,1,
201510,45.6667,-77.25,CA,2,
201510,45.7167,-65.5167,CA,2,
201510,45.7167,-63.2833,CA,1,
201510,45.8833,-72.4833,CA,1,
201510,45.8833,-64.35,CA,1,
201510,45.95,-59.7833,CA,1,
201510,46.1,-64.75,CA,6,
201510,46.4,-63.7833,CA,2,
201510,46.5,-80.9667,CA,2,
201510,47.5,-72,CA,55,
201510,47.5833,-53.3,CA,1,
201510,47.9667,-77.7,CA,2,
201510,48.4,-89.2333,CA,5,
201510,48.55,-123.367,CA,1,
201510,48.55,-58.5667,CA,2,
201510,48.6333,-53.1,CA,4,
201510,48.7167,-94.5667,CA,3,
201510,49.05,-122.3,CA,4,
201510,49.1167,-53.6167,CA,2,
201510,49.15,-123.917,CA,1,
201510,49.25,-123.133,CA,48,
201510,49.3167,-123.067,CA,3,
201510,49.5,-119.583,CA,1,
201510,49.75,-56.0333,CA,1,
201510,49.8833,-97.1667,CA,1,
201510,49.9,-119.483,CA,4,
201510,50.4,-105.55,CA,2,
201510,50.6667,-120.333,CA,4,
201510,51.0833,-114.083,CA,8,
201510,51.8,-106.5,CA,1,
201510,51.9667,-124.433,CA,1,
201510,52.1,-101.267,CA,2,
201510,52.1333,-106.667,CA,8,
201510,52.15,-97.7167,CA,5,
201510,52.6167,-94.0667,CA,1,
201510,53.5833,-113.167,CA,1,
201510,53.7667,-113.167,CA,1,
201510,55.7667,-120.233,CA,4,
201510,56.2333,-117.283,CA,1,
201510,58.1,-68.4,CA,3,
201510,60,-95,CA,152,
201510,61.6667,-114,CA,1,
201510,71.2,-84.7833,CA,1,
201510,11.3336,103.013,CB,2,
201510,11.3996,104.864,CB,2,
201510,11.55,104.917,CB,20,
201510,11.9934,105.464,CB,3,
201510,12.45,107.2,CB,1,
201510,13,105,CB,6,
201510,13.5943,105.063,CB,1,
201510,13.6561,102.562,CB,2,
201510,14.1817,103.518,CB,1,
201510,14.2322,104.081,CB,2,
201510,13.5334,14.3101,CD,1,
201510,15,19,CD,6,
201510,6.1937,81.1881,CE,4,
201510,6.7159,80.0626,CE,1,
201510,6.7293,79.9832,CE,1,
201510,6.8664,80.0166,CE,1,
201510,6.8964,79.9181,CE,1,
201510,6.9149,79.8477,CE,2,
201510,6.93194,79.8478,CE,83,
201510,7,81,CE,74,
201510,7.05,80.3,CE,1,
201510,7.0551,80.5681,CE,1,
201510,7.0802,80.3157,CE,1,
201510,7.0925,79.9466,CE,3,
201510,7.2132,80.4813,CE,2,
201510,7.2439,80.1212,CE,1,
201510,7.2622,80.5841,CE,1,
201510,7.28333,81.6667,CE,1,
201510,7.2955,80.6356,CE,2,
201510,7.31667,80.9828,CE,1,
201510,7.3388,79.8292,CE,1,
201510,7.5741,79.9057,CE,3,
201510,7.58333,81.75,CE,1,
201510,7.6824,81.7334,CE,2,
201510,7.7102,81.6924,CE,11,
201510,7.7945,81.5778,CE,3,
201510,7.93333,81,CE,1,
201510,8.25,81.3333,CE,3,
201510,8.3171,80.4051,CE,19,
201510,8.4854,81.291,CE,1,
201510,8.718,80.5004,CE,1,
201510,8.7514,80.4971,CE,11,
201510,9.268,80.815,CE,1,
201510,9.3961,80.3982,CE,2,
201510,9.4413,80.4002,CE,2,
201510,9.5755,79.8547,CE,1,
201510,9.6756,80.2509,CE,1,
201510,9.6875,80.025,CE,5,
201510,9.695,80.0465,CE,2,
201510,9.6959,80.023,CE,1,
201510,9.7049,80.0233,CE,1,
201510,9.75,80.0833,CE,4,
201510,9.7941,80.0388,CE,1,
201510,9.8,80.2,CE,2,
201510,-4.79472,11.8461,CF,10,
201510,-4.29583,15.2236,CF,2,
201510,-4.25917,15.2847,CF,21,
201510,-4.19972,12.6739,CF,1,
201510,-1,15,CF,15,
201510,-6.32855,20.5832,CG,1,
201510,-4.32972,15.315,CG,9,
201510,-1.7075,29.0181,CG,4,
201510,18.5106,109.613,CH,1,
201510,18.7493,109.172,CH,1,
201510,18.8919,109.838,CH,2,
201510,18.9394,109.484,CH,3,
201510,19,109.5,CH,1,
201510,19.1646,108.747,CH,1,
201510,21.4833,109.1,CH,8,
201510,21.8435,111.086,CH,1,
201510,22.1667,111.783,CH,1,
201510,22.2,111.117,CH,2,
201510,22.4285,112.857,CH,8,
201510,22.55,114.217,CH,1,
201510,22.5621,99.9103,CH,1,
201510,22.6538,112.696,CH,1,
201510,22.6663,113.093,CH,2,
201510,23.1167,113.25,CH,5,
201510,23.9782,115.654,CH,1,
201510,24.7235,102.204,CH,2,
201510,25.0389,102.718,CH,5,
201510,25.1667,106.1,CH,1,
201510,25.2225,116.057,CH,1,
201510,25.317,116.764,CH,1,
201510,25.4167,112.719,CH,4,
201510,27.2478,109.707,CH,1,
201510,27.7481,116.274,CH,6,
201510,27.9994,120.667,CH,1,
201510,28.16,114.271,CH,8,
201510,28.9902,121.62,CH,1,
201510,29,120,CH,1,
201510,29.104,92.504,CH,3,
201510,29.2009,116.755,CH,1,
201510,29.3418,120.729,CH,2,
201510,29.5628,106.553,CH,2,
201510,29.6049,111.87,CH,2,
201510,30.0765,119.659,CH,4,
201510,30.9227,104.333,CH,3,
201510,31.1461,118.571,CH,4,
201510,31.1587,104.632,CH,1,
201510,31.2222,121.458,CH,18,
201510,31.3114,120.618,CH,1,
201510,31.6244,99.9905,CH,1,
201510,31.6528,118.276,CH,1,
201510,31.8606,104.73,CH,1,
201510,31.8639,117.281,CH,1,
201510,32,117,CH,5,
201510,32,90,CH,61,
201510,32.0617,118.778,CH,26,
201510,32.203,81.203,CH,3,
201510,32.8773,101.969,CH,2,
201510,33.1492,104.588,CH,1,
201510,33.3968,113.819,CH,2,
201510,33.8333,119.883,CH,4,
201510,34.4961,108.618,CH,7,
201510,34.583,103.422,CH,3,
201510,35,105,CH,200,
201510,35.1221,105.48,CH,11,
201510,35.4852,105.759,CH,1,
201510,36.0986,120.372,CH,2,
201510,37.7944,117.396,CH,2,
201510,38,102,CH,11,
201510,39.1,76.4,CH,2,
201510,39.1422,117.177,CH,4,
201510,39.9044,116.391,CH,22,
201510,39.9072,116.391,CH,7,
201510,39.9289,116.388,CH,196,
201510,39.9667,119.8,CH,1,
201510,41,123,CH,1,
201510,41.5561,108.52,CH,1,
201510,41.7922,123.433,CH,3,
201510,42.7683,129.336,CH,6,
201510,42.8333,124.633,CH,4,
201510,43.0999,129.768,CH,1,
201510,43.8508,126.56,CH,1,
201510,46.0833,122.083,CH,3,
201510,-33.45,-70.6667,CI,28,
201510,-30,-71,CI,15,
201510,19.3333,-81.25,CJ,1,
201510,19.5,-80.6667,CJ,8,
201510,19.5,-80.5,CJ,5,
201510,3.75528,9.94472,CM,1,
201510,3.86667,11.5167,CM,3,
201510,4.1527,9.241,CM,1,
201510,6,12,CM,7,
201510,10.5909,14.3159,CM,2,
201510,11,14.5,CM,1,
201510,12.2911,14.5615,CM,1,
201510,-12.1667,44.25,CN,3,
201510,3.93502,-74.6004,CO,1,
201510,4,-72,CO,10,
201510,4.6,-74.0833,CO,3,
201510,11.2408,-74.199,CO,1,
201510,10,-84,CS,10,
201510,2.98294,16.2368,CT,1,
201510,3.8,17.65,CT,11,
201510,4.36667,18.5833,CT,25,
201510,5.76795,20.6757,CT,6,
201510,7,21,CT,7,
201510,20.0247,-75.8219,CU,6,
201510,20.9617,-76.9511,CU,1,
201510,21.5,-80,CU,35,
201510,21.7756,-78.8894,CU,2,
201510,22.1564,-80.3833,CU,2,
201510,22.2833,-80.35,CU,1,
201510,22.4175,-83.6981,CU,2,
201510,22.8667,-82.5,CU,2,
201510,22.9,-80.35,CU,1,
201510,22.9178,-80.3419,CU,3,
201510,23.0103,-82.4728,CU,7,
201510,23.1319,-82.3642,CU,33,
201510,34.8417,33.4417,CY,1,
201510,35,33,CY,15,
201510,35.25,33.75,CY,4,
201510,35.3083,33.0667,CY,1,
201510,35.3375,33.0708,CY,4,
201510,35.3417,33.3167,CY,3,
201510,55.6667,12.5833,DA,13,
201510,56,10,DA,42,
201510,57.2201,10.195,DA,1,
201510,11.5,43,DJ,1,
201510,19,39.5,DJ,4,
201510,15.4167,-61.3333,DO,2,
201510,19,-70.6667,DR,3,
201510,-2.98333,-78.2167,EC,2,
201510,-2,-77.5,EC,8,
201510,-0.216667,-78.5,EC,9,
201510,20,32,EG,1,
201510,24.4767,32.9463,EG,2,
201510,26,32,EG,4,
201510,26.1642,32.7267,EG,7,
201510,26.3149,34.8448,EG,2,
201510,27,30,EG,96,
201510,27.181,31.1837,EG,4,
201510,27.8518,34.305,EG,3,
201510,28.1099,30.7503,EG,5,
201510,29.9314,32.5628,EG,4,
201510,29.9464,30.9169,EG,2,
201510,30.0086,31.2122,EG,19,
201510,30.0258,31.2016,EG,3,
201510,30.0364,31.235,EG,2,
201510,30.0386,31.2129,EG,6,
201510,30.0445,31.2332,EG,7,
201510,30.0474,31.238,EG,2,
201510,30.0477,31.2337,EG,1,
201510,30.05,31.25,EG,216,
201510,30.0642,31.2201,EG,6,
201510,30.0643,31.3481,EG,1,
201510,30.0667,31.3,EG,1,
201510,30.0771,31.2859,EG,3,
201510,30.102,31.2998,EG,2,
201510,30.1667,31.1,EG,1,
201510,30.6,30.2,EG,1,
201510,30.7146,31.259,EG,1,
201510,31.0364,31.3807,EG,17,
201510,31.0539,31.3779,EG,2,
201510,31.1259,29.7854,EG,1,
201510,31.1453,31.0067,EG,5,
201510,31.1981,29.9192,EG,31,
201510,31.2878,34.2369,EG,1,
201510,31.3525,27.2453,EG,1,
201510,31.4165,31.8133,EG,4,
201510,51.6167,-9.53333,EI,2,
201510,51.6833,-9.45,EI,1,
201510,51.7075,-8.53056,EI,1,
201510,51.9181,-8.47056,EI,1,
201510,52.0536,-8.25778,EI,6,
201510,52.3342,-6.4575,EI,6,
201510,52.5453,-8.6025,EI,2,
201510,52.8067,-8.44361,EI,2,
201510,52.8408,-6.92611,EI,1,
201510,53,-8,EI,65,
201510,53,-7.4,EI,3,
201510,53.0322,-7.3,EI,9,
201510,53.2519,-6.17111,EI,8,
201510,53.2877,-9.05004,EI,2,
201510,53.2878,-6.34111,EI,1,
201510,53.3331,-6.24889,EI,82,
201510,53.3333,-6.28333,EI,1,
201510,53.3892,-6.29694,EI,1,
201510,53.4333,-7.95,EI,1,
201510,53.5333,-8,EI,2,
201510,53.6667,-6.66667,EI,4,
201510,53.6667,-5,EI,2,
201510,53.7189,-6.34778,EI,3,
201510,54,-4,EI,1,
201510,54,-6.41667,EI,1,
201510,54.4833,-8.13333,EI,1,
201510,54.65,-8.11667,EI,1,
201510,2,10,EK,5,
201510,3.75,8.78333,EK,1,
201510,59,26,EN,2,
201510,15,39,ER,8,
201510,13.5917,-89.3569,ES,1,
201510,13.7447,-89.6731,ES,1,
201510,13.8333,-88.9167,ES,3,
201510,8,38,ET,14,
201510,8.56667,39.3333,ET,6,
201510,9.03333,38.7,ET,4,
201510,9.1,37.25,ET,1,
201510,11.1667,39.1667,ET,1,
201510,11.4333,39.2833,ET,6,
201510,11.5817,41.6286,ET,1,
201510,11.8667,39.7333,ET,4,
201510,48.6,14.25,EZ,3,
201510,48.7418,16.7578,EZ,2,
201510,49.0289,17.2106,EZ,2,
201510,49.0801,16.1916,EZ,3,
201510,49.0821,15.245,EZ,1,
201510,49.143,13.5556,EZ,1,
201510,49.6141,15.5646,EZ,4,
201510,49.75,15.5,EZ,17,
201510,50,14.5,EZ,1,
201510,50.0833,14.4667,EZ,21,
201510,60.1756,24.9342,FI,21,
201510,60.4833,22.75,FI,2,
201510,61.6833,27.25,FI,2,
201510,61.7,23.7167,FI,4,
201510,64,26,FI,19,
201510,64.0333,30.05,FI,1,
201510,65.85,24.1833,FI,20,
201510,67.65,24.9167,FI,1,
201510,-18.1333,178.417,FJ,4,
201510,-18.1333,177.417,FJ,2,
201510,-18,175,FJ,9,
201510,-17.9333,177.783,FJ,1,
201510,-17,178.767,FJ,2,
201510,7,158,FM,3,
201510,43.3167,3.28333,FR,2,
201510,43.5287,5.44879,FR,1,
201510,43.5526,6.93942,FR,9,
201510,43.5599,7.13672,FR,4,
201510,43.5624,7.12777,FR,6,
201510,43.6272,7.09645,FR,6,
201510,43.7001,5.56801,FR,1,
201510,43.8933,3.40043,FR,1,
201510,44.0544,5.04772,FR,1,
201510,44.5329,-0.342258,FR,1,
201510,44.6075,-0.315267,FR,1,
201510,44.6116,2.03307,FR,4,
201510,45.4,6.5,FR,1,
201510,45.4106,7.16983,FR,4,
201510,45.6333,5.73333,FR,188,
201510,46,2,FR,150,
201510,46.116,5.88459,FR,3,
201510,46.1283,3.42347,FR,1,
201510,46.7887,4.84877,FR,1,
201510,47.3196,4.59679,FR,1,
201510,47.3438,2.05676,FR,1,
201510,47.3511,-0.949375,FR,1,
201510,47.8535,-0.607852,FR,1,
201510,48.112,-1.67429,FR,1,
201510,48.7916,2.64747,FR,5,
201510,48.8157,2.38487,FR,1,
201510,48.9098,2.45012,FR,3,
201510,48.9589,2.43394,FR,1,
201510,49.0044,2.51703,FR,1,
201510,49.0769,1.52998,FR,2,
201510,49.3422,2.08729,FR,1,
201510,49.5,0.133333,FR,1,
201510,49.5509,5.76356,FR,3,
201510,49.64,-1.6155,FR,5,
201510,49.9,2.3,FR,2,
201510,13.4531,-16.5775,GA,3,
201510,13.4667,-16.5667,GA,1,
201510,-1,11.75,GB,2,
201510,41.5495,44.9932,GG,5,
201510,41.725,44.7908,GG,12,
201510,41.75,45.75,GG,1,
201510,42,43.5,GG,1,
201510,42.135,45.2858,GG,1,
201510,42.2639,42.6999,GG,8,
201510,42.3333,44,GG,1,
201510,5.20211,-1.04151,GH,10,
201510,5.3,-0.733333,GH,1,
201510,5.55,-0.216667,GH,26,
201510,5.7341,-0.206245,GH,1,
201510,5.78256,-2.08763,GH,1,
201510,5.85,-0.35,GH,2,
201510,6,0.6,GH,4,
201510,6.26667,0.05,GH,3,
201510,6.33333,-1.46667,GH,5,
201510,6.5,-0.5,GH,7,
201510,6.53333,-1.06667,GH,3,
201510,6.68333,-1.61667,GH,8,
201510,6.71546,-1.72232,GH,1,
201510,6.81659,-1.64899,GH,1,
201510,6.91428,0.536667,GH,2,
201510,7.33991,-2.32676,GH,3,
201510,7.62192,-2.01549,GH,1,
201510,8,-2,GH,43,
201510,10.7856,-0.851389,GH,1,
201510,36.1833,-5.3667,GI,5,
201510,49.4717,-2.62573,GK,1,
201510,72,-40,GL,8,
201510,74.5,-20.7667,GL,1,
201510,47.5,11.1,GM,3,
201510,47.5901,8.44025,GM,2,
201510,47.925,8.65002,GM,2,
201510,47.95,8.13333,GM,2,
201510,48,8.25,GM,3,
201510,48.15,11.5833,GM,18,
201510,48.1725,8.06992,GM,3,
201510,48.2034,8.37174,GM,2,
201510,48.5833,13.4833,GM,1,
201510,48.6167,7.88333,GM,1,
201510,48.7667,9.18333,GM,1,
201510,49.0047,8.38583,GM,5,
201510,49.5625,8.70694,GM,1,
201510,49.5897,11.0039,GM,2,
201510,49.61,11.8019,GM,2,
201510,50.1167,8.68333,GM,2,
201510,50.6333,13.0667,GM,1,
201510,50.7333,7.1,GM,4,
201510,50.8167,12.85,GM,1,
201510,50.8333,12,GM,2,
201510,50.8333,12.9167,GM,5,
201510,50.9333,6.9,GM,1,
201510,50.9667,14.2833,GM,3,
201510,51,9,GM,221,
201510,51,13,GM,1,
201510,51.0167,13.65,GM,4,
201510,51.05,13.75,GM,29,
201510,51.3,12.3333,GM,3,
201510,51.35,12.0167,GM,2,
201510,51.4833,7.21667,GM,1,
201510,51.6667,6.45,GM,7,
201510,51.7,7.53333,GM,1,
201510,51.7667,14.3333,GM,6,
201510,52,10,GM,4,
201510,52.0333,11.25,GM,1,
201510,52.1833,8.93333,GM,1,
201510,52.35,14.55,GM,6,
201510,52.3667,13.6167,GM,1,
201510,52.3667,9.71667,GM,5,
201510,52.4333,10.8,GM,5,
201510,52.4833,13.3667,GM,1,
201510,52.5167,13.4,GM,142,
201510,52.5333,13.3333,GM,1,
201510,53.0333,8.46667,GM,2,
201510,53.1167,9.4,GM,5,
201510,53.3167,9.66667,GM,3,
201510,53.55,10,GM,22,
201510,37.3,22.3333,GR,1,
201510,37.6,22.8,GR,2,
201510,37.9833,23.7333,GR,54,
201510,38.0167,24.5667,GR,2,
201510,39,22,GR,62,
201510,39.1667,26.25,GR,6,
201510,39.6372,22.4203,GR,1,
201510,40.4811,22.3136,GR,1,
201510,40.6403,22.9439,GR,3,
201510,14.5292,-90.1842,GT,2,
201510,14.6211,-90.5269,GT,2,
201510,15.5,-90.25,GT,15,
201510,15.8833,-88.9167,GT,1,
201510,15.9,-88.9,GT,1,
201510,7.74722,-8.82389,GV,8,
201510,8.5,-9,GV,7,
201510,9.50917,-13.7122,GV,63,
201510,10.0833,-10.1667,GV,6,
201510,10.4667,-9.76667,GV,1,
201510,10.9333,-14.3,GV,1,
201510,11,-10,GV,31,
201510,5,-59,GY,7,
201510,6.8,-58.1667,GY,3,
201510,6.8,-58.15,GY,2,
201510,6.8121,-58.1449,GY,2,
201510,8.73308,126.321,GZ,33,
201510,31.5119,34.4411,GZ,3,
201510,18.15,-71.8833,HA,1,
201510,18.5392,-72.335,HA,9,
201510,18.5833,-72.2667,HA,9,
201510,19,-72.4167,HA,16,
201510,19.1167,-72.7,HA,1,
201510,22.1667,114.25,HK,2,
201510,22.2333,114,HK,1,
201510,22.25,114.167,HK,76,
201510,22.2833,114.217,HK,1,
201510,22.2833,114.133,HK,26,
201510,22.2833,114.183,HK,1,
201510,22.3,114.167,HK,3,
201510,22.3167,114.167,HK,4,
201510,22.4167,114.083,HK,2,
201510,22.5333,114.133,HK,2,
201510,14.1,-87.2167,HO,7,
201510,15,-86.5,HO,8,
201510,15.5,-86.5667,HO,3,
201510,45.1603,18.0156,HR,1,
201510,45.1667,15.5,HR,12,
201510,45.2606,19.1708,HR,3,
201510,45.2911,14.5878,HR,4,
201510,45.3433,18.9997,HR,1,
201510,45.8,16,HR,3,
201510,45.8006,18.5232,HU,1,
201510,46.2884,19.8637,HU,1,
201510,46.65,21.2833,HU,1,
201510,47,20,HU,15,
201510,47.5,19.0833,HU,21,
201510,64.15,-21.95,IC,3,
201510,65,-18,IC,9,
201510,-8.8031,116.45,ID,1,
201510,-8.6841,116.366,ID,3,
201510,-8.405,114.963,ID,1,
201510,-8.2642,113.154,ID,3,
201510,-8.2393,112.329,ID,6,
201510,-8.1335,113.225,ID,3,
201510,-7.9547,112.641,ID,1,
201510,-7.90417,110.724,ID,6,
201510,-7.78278,110.361,ID,3,
201510,-7.7394,112.51,ID,2,
201510,-7.502,107.477,ID,1,
201510,-7.24917,112.751,ID,3,
201510,-6.9757,110.245,ID,4,
201510,-6.973,108.58,ID,1,
201510,-6.90389,107.619,ID,2,
201510,-6.75,107.5,ID,2,
201510,-6.52028,106.688,ID,3,
201510,-6.17806,106.63,ID,3,
201510,-6.17444,106.829,ID,28,
201510,-6.1731,106.784,ID,2,
201510,-5,120,ID,21,
201510,-4.7752,136.559,ID,6,
201510,-2.83333,107.917,ID,1,
201510,-2.63333,140.583,ID,9,
201510,-1.71667,105.933,ID,2,
201510,-1.16601,136.097,ID,2,
201510,0.533333,101.45,ID,2,
201510,0.6962,122.624,ID,1,
201510,1,114,ID,1,
201510,1.61667,109.183,ID,6,
201510,2.2874,97.7884,ID,2,
201510,2.4055,97.972,ID,1,
201510,2.5378,97.9366,ID,4,
201510,2.8121,98.1213,ID,1,
201510,3.5263,98.3798,ID,3,
201510,4.4102,98.0919,ID,1,
201510,4.7296,96.7451,ID,2,
201510,8.07611,77.5483,IN,1,
201510,8.50694,76.9569,IN,8,
201510,9.28333,79.3,IN,2,
201510,9.33333,77.4333,IN,2,
201510,9.49417,76.3275,IN,1,
201510,9.7,76.3333,IN,1,
201510,9.93333,78.1167,IN,7,
201510,9.96667,76.2333,IN,2,
201510,9.98333,76.2833,IN,4,
201510,10,76.5,IN,43,
201510,10.0167,78.7833,IN,2,
201510,10.1,77.0667,IN,3,
201510,10.5167,76.2167,IN,14,
201510,10.805,78.6856,IN,1,
201510,11,78,IN,48,
201510,11,72.5,IN,1,
201510,11.0167,77.0667,IN,2,
201510,11.0333,77.1333,IN,1,
201510,11.8333,75.5667,IN,10,
201510,11.8667,75.3653,IN,2,
201510,11.93,79.83,IN,1,
201510,12.3072,76.6497,IN,1,
201510,12.3481,80.0047,IN,1,
201510,12.5006,76.6733,IN,1,
201510,12.8333,74.8667,IN,1,
201510,12.8639,74.8353,IN,14,
201510,12.9272,80.1106,IN,2,
201510,12.9333,79.1333,IN,3,
201510,12.9833,74.7833,IN,1,
201510,12.9833,77.5833,IN,64,
201510,12.9967,80.2531,IN,1,
201510,13.0081,80.2194,IN,1,
201510,13.0717,80.2556,IN,2,
201510,13.08,80.2408,IN,2,
201510,13.0833,80.2833,IN,38,
201510,13.1072,80.2953,IN,1,
201510,13.15,79.9167,IN,1,
201510,13.1667,77.2333,IN,1,
201510,13.2,79.1167,IN,1,
201510,13.35,74.75,IN,5,
201510,13.5,76,IN,50,
201510,13.65,79.4167,IN,1,
201510,13.6833,79.35,IN,1,
201510,14,75,IN,1,
201510,14.85,75.2667,IN,2,
201510,14.8833,74.5833,IN,4,
201510,15.1333,73.95,IN,1,
201510,15.15,76.9333,IN,2,
201510,15.1667,74.0333,IN,1,
201510,15.3,73.95,IN,2,
201510,15.3333,76.4667,IN,6,
201510,15.35,75.1667,IN,2,
201510,15.4,74.0167,IN,2,
201510,15.4667,75.0167,IN,9,
201510,15.4833,73.8333,IN,4,
201510,15.7167,73.8,IN,1,
201510,15.75,73.85,IN,2,
201510,15.85,75.8,IN,1,
201510,15.8667,74.5,IN,1,
201510,16.2,76.05,IN,2,
201510,16.2,77.3667,IN,1,
201510,16.3,80.45,IN,6,
201510,16.7,74.2167,IN,2,
201510,16.9333,82.2167,IN,3,
201510,17.3333,76.8333,IN,123,
201510,17.3753,78.4744,IN,51,
201510,17.4119,78.5247,IN,2,
201510,17.4419,78.3883,IN,2,
201510,17.6833,83.0167,IN,1,
201510,17.7,83.3,IN,1,
201510,17.7167,79.1833,IN,1,
201510,17.75,73.1833,IN,1,
201510,17.8667,76.95,IN,3,
201510,17.9333,77.3833,IN,2,
201510,18,79.5833,IN,2,
201510,18,79.5,IN,28,
201510,18.0833,73.4167,IN,2,
201510,18.1167,83.4167,IN,1,
201510,18.15,74.5833,IN,1,
201510,18.3,83.9,IN,1,
201510,18.3333,82.8667,IN,1,
201510,18.4,76.5833,IN,1,
201510,18.4,81.6667,IN,1,
201510,18.4333,79.15,IN,1,
201510,18.5333,73.8667,IN,22,
201510,18.7111,72.9608,IN,1,
201510,18.7167,73.6833,IN,6,
201510,18.75,77.1333,IN,6,
201510,18.75,73.4167,IN,2,
201510,18.9,73.2333,IN,1,
201510,18.975,72.8258,IN,208,
201510,18.9833,73.1,IN,1,
201510,19,72.85,IN,3,
201510,19.0167,72.8167,IN,1,
201510,19.0167,72.85,IN,4,
201510,19.0333,72.85,IN,4,
201510,19.0667,72.8333,IN,7,
201510,19.1,72.8333,IN,1,
201510,19.1,78.35,IN,1,
201510,19.1167,72.8333,IN,1,
201510,19.2,73.1667,IN,1,
201510,19.2167,73.0833,IN,2,
201510,19.25,73.15,IN,6,
201510,19.6667,78.5333,IN,2,
201510,19.75,83,IN,1,
201510,19.8,72.75,IN,1,
201510,19.8833,75.3333,IN,9,
201510,19.9667,72.7333,IN,5,
201510,20,77,IN,240,
201510,20.2333,85.8333,IN,2,
201510,20.3,85.3333,IN,4,
201510,20.5,85.8333,IN,1,
201510,20.5,86.4167,IN,1,
201510,20.5,84.4167,IN,20,
201510,20.55,84.0833,IN,3,
201510,20.7333,86.7,IN,1,
201510,20.9167,70.9167,IN,2,
201510,20.9333,77.75,IN,1,
201510,20.9667,72.9,IN,24,
201510,21.0528,86.52,IN,1,
201510,21.0611,86.1131,IN,2,
201510,21.0833,73.5833,IN,1,
201510,21.0833,85.15,IN,2,
201510,21.15,81.7833,IN,1,
201510,21.15,79.1,IN,8,
201510,21.2833,72.9833,IN,2,
201510,21.4667,78.2667,IN,1,
201510,21.4833,79.85,IN,1,
201510,21.4942,86.9317,IN,1,
201510,21.5,81.75,IN,4,
201510,21.8167,75.6,IN,2,
201510,21.8833,71.7833,IN,1,
201510,22.0167,87.9667,IN,3,
201510,22.1161,88.3922,IN,2,
201510,22.1833,87.6,IN,2,
201510,22.2,84.8833,IN,1,
201510,22.3,73.2,IN,6,
201510,22.3,70.7833,IN,19,
201510,22.3333,87.3333,IN,5,
201510,22.4,82.95,IN,10,
201510,22.4333,88.4167,IN,1,
201510,22.4333,87.3333,IN,1,
201510,22.4667,86.4833,IN,1,
201510,22.4833,88.3833,IN,1,
201510,22.5667,73.2167,IN,3,
201510,22.5697,88.3697,IN,80,
201510,22.5892,88.3103,IN,7,
201510,22.6333,88.4167,IN,1,
201510,22.7167,75.8333,IN,8,
201510,22.75,77.7167,IN,1,
201510,22.8,86.1833,IN,1,
201510,22.8092,88.2294,IN,2,
201510,22.8956,88.4025,IN,1,
201510,23,72,IN,5,
201510,23,72.8667,IN,1,
201510,23.0333,72.6167,IN,18,
201510,23.1167,83.2,IN,4,
201510,23.1667,79.95,IN,3,
201510,23.1833,86.0167,IN,1,
201510,23.2167,72.6833,IN,1,
201510,23.2406,87.8694,IN,1,
201510,23.2528,91.4514,IN,2,
201510,23.2667,83.1,IN,1,
201510,23.2667,77.4,IN,9,
201510,23.3167,75.0667,IN,1,
201510,23.3333,85.1833,IN,1,
201510,23.35,85.3333,IN,2,
201510,23.3833,79.75,IN,8,
201510,23.4,88.5,IN,1,
201510,23.4833,77.7333,IN,2,
201510,23.5,78.5,IN,16,
201510,23.55,88.25,IN,1,
201510,23.6,72.4,IN,1,
201510,23.6833,86.9833,IN,11,
201510,23.7,81.7833,IN,2,
201510,23.7167,87.05,IN,1,
201510,23.8,86.45,IN,1,
201510,23.9167,84.0833,IN,2,
201510,24,92,IN,3,
201510,24.001,78.8929,IN,2,
201510,24.1492,78.9817,IN,2,
201510,24.2,85.3667,IN,4,
201510,24.2333,86.8333,IN,4,
201510,24.3833,87.85,IN,1,
201510,24.4167,78.5333,IN,1,
201510,24.4333,72.7,IN,1,
201510,24.6333,77.9667,IN,10,
201510,24.65,77.3167,IN,1,
201510,24.7,76.5333,IN,3,
201510,24.7333,79.95,IN,1,
201510,24.8167,93.95,IN,2,
201510,24.8667,92.7667,IN,13,
201510,24.9167,86.2167,IN,2,
201510,24.9333,84.8333,IN,1,
201510,24.95,84.0333,IN,1,
201510,25,83.75,IN,1,
201510,25.05,83.6167,IN,1,
201510,25.1833,85.5167,IN,85,
201510,25.1833,86.0833,IN,1,
201510,25.25,79.0667,IN,1,
201510,25.25,87,IN,9,
201510,25.25,84.0667,IN,2,
201510,25.2833,81.9333,IN,1,
201510,25.3333,83,IN,62,
201510,25.3833,82.1167,IN,2,
201510,25.4333,78.5833,IN,1,
201510,25.45,81.85,IN,18,
201510,25.5,81.8833,IN,5,
201510,25.5333,87.5833,IN,1,
201510,25.5333,88.1333,IN,3,
201510,25.6,85.1167,IN,14,
201510,25.6167,81.85,IN,1,
201510,25.6333,94.4,IN,1,
201510,25.6667,94.5,IN,1,
201510,25.6667,94.1167,IN,1,
201510,25.7,86.95,IN,2,
201510,25.7167,76.2667,IN,1,
201510,25.7667,84.75,IN,1,
201510,25.85,84.5833,IN,1,
201510,25.85,72.6833,IN,1,
201510,25.8833,87.1333,IN,1,
201510,25.9056,75.7236,IN,1,
201510,25.9667,84.8667,IN,2,
201510,25.9833,85.6833,IN,5,
201510,26,94.25,IN,6,
201510,26.0333,89.9667,IN,1,
201510,26.15,87.5167,IN,1,
201510,26.1667,75.7833,IN,1,
201510,26.1833,91.7333,IN,7,
201510,26.1833,71.25,IN,153,
201510,26.3333,91.25,IN,6,
201510,26.3521,79.2158,IN,2,
201510,26.4167,87.25,IN,1,
201510,26.45,81.6167,IN,1,
201510,26.4667,79.5167,IN,1,
201510,26.4667,80.35,IN,1,
201510,26.5167,91.2667,IN,2,
201510,26.5342,79.8896,IN,1,
201510,26.5833,86.15,IN,3,
201510,26.6167,88.1833,IN,1,
201510,26.7161,88.4236,IN,2,
201510,26.7167,88.3833,IN,1,
201510,26.7833,82.1333,IN,1,
201510,26.85,80.9167,IN,33,
201510,26.8833,76.3333,IN,1,
201510,26.9167,75.8167,IN,16,
201510,26.918,75.6071,IN,1,
201510,26.9349,79.1454,IN,1,
201510,26.9833,84.85,IN,8,
201510,27.0003,78.9414,IN,5,
201510,27.0529,79.3583,IN,17,
201510,27.0903,79.8587,IN,2,
201510,27.1,93.6167,IN,2,
201510,27.2167,77.4833,IN,1,
201510,27.2333,79.0167,IN,3,
201510,27.25,80.75,IN,72,
201510,27.45,83.1333,IN,1,
201510,27.5167,88.2833,IN,2,
201510,27.5833,91.8667,IN,1,
201510,27.5833,81.6,IN,1,
201510,27.5833,77.7,IN,2,
201510,27.6154,79.6429,IN,2,
201510,27.65,79.95,IN,2,
201510,27.7167,77.3833,IN,1,
201510,27.8,77.4333,IN,1,
201510,27.9167,96.1667,IN,3,
201510,28,76,IN,10,
201510,28.0208,75.6103,IN,1,
201510,28.35,79.4167,IN,2,
201510,28.4,77.85,IN,1,
201510,28.4333,77.3167,IN,1,
201510,28.4667,77.0333,IN,7,
201510,28.5167,77.1833,IN,2,
201510,28.5667,77.55,IN,185,
201510,28.5833,77.1833,IN,3,
201510,28.6,77.2,IN,197,
201510,28.6293,75.071,IN,24,
201510,28.6333,75.4,IN,1,
201510,28.6333,79.7167,IN,2,
201510,28.65,77.2333,IN,2,
201510,28.6667,77.4333,IN,11,
201510,28.6667,77.2167,IN,332,
201510,28.6833,77.0667,IN,2,
201510,28.6833,77.5333,IN,1,
201510,28.9,76.5667,IN,1,
201510,28.9833,79.4,IN,4,
201510,28.9833,80.0833,IN,1,
201510,28.9842,74.3117,IN,11,
201510,29,71,IN,1,
201510,29.3167,79.0333,IN,2,
201510,29.3925,76.9719,IN,2,
201510,29.45,77.3167,IN,3,
201510,29.4667,77.6833,IN,11,
201510,29.5333,75.0167,IN,1,
201510,29.6161,76.9806,IN,31,
201510,29.8533,77.2217,IN,1,
201510,29.9333,78.1167,IN,1,
201510,29.9667,77.55,IN,2,
201510,29.9667,78.1667,IN,2,
201510,29.9833,75.3833,IN,16,
201510,30,80,IN,1,
201510,30.05,73.9833,IN,2,
201510,30.0669,76.4194,IN,4,
201510,30.0739,77.8203,IN,1,
201510,30.15,78.3833,IN,2,
201510,30.2333,75.8333,IN,4,
201510,30.25,79.25,IN,2,
201510,30.2667,74.5833,IN,1,
201510,30.3167,78.0333,IN,8,
201510,30.3267,76.4003,IN,10,
201510,30.3747,76.1486,IN,3,
201510,30.3783,76.7808,IN,3,
201510,30.3833,75.55,IN,5,
201510,30.4,74.0333,IN,3,
201510,30.45,78.0833,IN,1,
201510,30.4667,74.8833,IN,1,
201510,30.4833,74.5167,IN,7,
201510,30.5333,75.7167,IN,2,
201510,30.5833,74.9,IN,43,
201510,30.5888,76.8456,IN,1,
201510,30.65,74.9833,IN,1,
201510,30.6667,74.75,IN,50,
201510,30.75,75.3333,IN,2,
201510,30.7833,75.4833,IN,2,
201510,30.9,75.85,IN,47,
201510,30.9167,74.6,IN,18,
201510,30.9167,78.4,IN,17,
201510,31.1667,75.6167,IN,1,
201510,31.1669,74.9481,IN,2,
201510,31.2178,75.7694,IN,21,
201510,31.25,76.5,IN,1,
201510,31.2833,75.7,IN,2,
201510,31.3256,75.5792,IN,10,
201510,31.45,74.9253,IN,15,
201510,31.5322,75.9172,IN,2,
201510,31.6,74.8667,IN,21,
201510,31.6331,74.8656,IN,62,
201510,31.9167,77.25,IN,2,
201510,32.0333,75.5167,IN,5,
201510,32.2833,75.65,IN,1,
201510,32.3667,75.5167,IN,1,
201510,32.7333,74.8667,IN,98,
201510,32.9167,76.25,IN,2,
201510,32.9333,75.1333,IN,35,
201510,33.25,75.25,IN,2,
201510,33.25,74.25,IN,7,
201510,33.65,75.0167,IN,9,
201510,33.7333,75.15,IN,29,
201510,33.75,75.1333,IN,4,
201510,33.8833,74.9167,IN,4,
201510,33.9167,76.6667,IN,91,
201510,34.0403,74.5264,IN,10,
201510,34.0694,74.8042,IN,2,
201510,34.0917,74.7861,IN,5,
201510,34.1292,74.8111,IN,8,
201510,34.136,78.1656,IN,1,
201510,34.1667,74.75,IN,8,
201510,34.1944,74.5278,IN,1,
201510,34.3,74.4667,IN,1,
201510,34.5667,76.1,IN,1,
201510,34.5667,74.75,IN,7,
201510,25.2919,60.643,IR,2,
201510,25.6958,58.8789,IR,1,
201510,25.867,55.0236,IR,1,
201510,26.7908,62.7736,IR,1,
201510,29.2783,50.9628,IR,4,
201510,29.4963,60.8629,IR,3,
201510,29.7978,56.6841,IR,8,
201510,29.8628,56.8848,IR,1,
201510,30.0578,51.5401,IR,2,
201510,30.064,55.1322,IR,6,
201510,30.068,51.5364,IR,4,
201510,30.2981,56.42,IR,1,
201510,30.3392,48.3043,IR,3,
201510,30.4397,48.1664,IR,1,
201510,30.5455,54.7052,IR,4,
201510,30.5588,49.1981,IR,2,
201510,30.608,53.1874,IR,15,
201510,30.6649,56.9047,IR,1,
201510,30.6693,50.2055,IR,5,
201510,31.2644,49.627,IR,2,
201510,31.4833,54.25,IR,3,
201510,31.7927,49.955,IR,1,
201510,32,53,IR,163,
201510,32.1321,48.2003,IR,2,
201510,32.5061,52.1686,IR,1,
201510,33.4964,51.9266,IR,1,
201510,33.9037,46.0696,IR,2,
201510,34.0232,57.221,IR,2,
201510,34.3142,47.065,IR,2,
201510,34.6525,50.4805,IR,4,
201510,34.74,60.7756,IR,2,
201510,35.2127,59.6742,IR,2,
201510,35.5427,48.2633,IR,2,
201510,35.705,51.4216,IR,6,
201510,35.75,51.5148,IR,159,
201510,36.0568,48.8371,IR,1,
201510,36.363,58.4372,IR,1,
201510,37.1458,46.1027,IR,8,
201510,37.2808,49.5832,IR,1,
201510,38.08,46.2919,IR,1,
201510,38.2775,45.9806,IR,1,
201510,31.0667,35.0333,IS,9,
201510,31.0667,35.45,IS,4,
201510,31.2473,34.4028,IS,3,
201510,31.2516,34.7863,IS,13,
201510,31.3934,34.755,IS,4,
201510,31.4167,34.3333,IS,363,
201510,31.4732,34.4978,IS,1,
201510,31.5,34.75,IS,239,
201510,31.525,34.5969,IS,1,
201510,31.5333,35.1,IS,143,
201510,31.61,34.7642,IS,6,
201510,31.6693,34.5715,IS,2,
201510,31.733,34.6799,IS,1,
201510,31.7333,34.9333,IS,1,
201510,31.7496,34.9888,IS,1,
201510,31.75,35.2167,IS,1,
201510,31.7667,35.2333,IS,990,
201510,31.7678,35.1631,IS,1,
201510,31.7734,35.1981,IS,8,
201510,31.7833,35.2167,IS,2,
201510,31.8,35.25,IS,1,
201510,31.8667,34.8667,IS,8,
201510,31.8969,34.8186,IS,1,
201510,31.9253,34.8669,IS,25,
201510,32.0114,34.8867,IS,1,
201510,32.0667,34.7667,IS,77,
201510,32.0678,34.7647,IS,5,
201510,32.0839,34.9156,IS,9,
201510,32.1142,34.9739,IS,3,
201510,32.1658,34.8367,IS,9,
201510,32.1808,34.8672,IS,10,
201510,32.1872,34.8058,IS,1,
201510,32.4573,35.0214,IS,1,
201510,32.4751,35.0297,IS,1,
201510,32.5172,35.1535,IS,17,
201510,32.6095,35.2895,IS,34,
201510,32.6667,35.5,IS,1,
201510,32.6993,35.3048,IS,24,
201510,32.7038,35.4079,IS,2,
201510,32.7922,35.5312,IS,1,
201510,32.8058,35.1689,IS,3,
201510,32.8089,35.0277,IS,1,
201510,32.853,35.1987,IS,1,
201510,32.8642,35.2971,IS,39,
201510,32.9,35.3333,IS,3,
201510,32.9125,35.6022,IS,2,
201510,32.9167,35.2992,IS,1,
201510,32.9281,35.0765,IS,1,
201510,33.0833,35.2667,IS,2,
201510,37.3167,13.5667,IT,1,
201510,37.75,14.25,IT,2,
201510,41.1333,16.85,IT,1,
201510,41.9,12.4833,IT,58,
201510,42.8333,12.8333,IT,58,
201510,44.45,11.8167,IT,2,
201510,45,10,IT,3,
201510,45.4167,10.3833,IT,1,
201510,45.4667,9.2,IT,10,
201510,46.0578,12.8964,IT,1,
201510,5.34111,-4.02806,IV,7,
201510,5.37477,-4.08669,IV,4,
201510,5.53469,-4.06896,IV,4,
201510,7.97434,-5.33176,IV,2,
201510,8,-5,IV,2,
201510,30.0362,47.9195,IZ,2,
201510,30.1698,47.8559,IZ,2,
201510,30.533,47.7975,IZ,1,
201510,30.6333,47.4,IZ,2,
201510,31.058,46.2573,IZ,1,
201510,31.3054,45.2247,IZ,2,
201510,31.3059,45.2799,IZ,2,
201510,31.75,47.3,IZ,2,
201510,31.7833,47.2,IZ,1,
201510,31.9892,44.3291,IZ,2,
201510,31.9929,44.9255,IZ,1,
201510,32.5979,44.0165,IZ,8,
201510,32.7734,44.2783,IZ,2,
201510,33,44,IZ,84,
201510,33.3386,44.3939,IZ,92,
201510,33.3667,43.7167,IZ,1,
201510,33.4206,43.3078,IZ,5,
201510,33.5294,44.2775,IZ,1,
201510,34,45,IZ,1,
201510,34.0167,44.3833,IZ,1,
201510,34.0333,44.8167,IZ,39,
201510,34.0352,44.8724,IZ,1,
201510,34.1348,42.3772,IZ,5,
201510,34.1966,43.8739,IZ,1,
201510,34.6896,44.9606,IZ,6,
201510,35.1396,45.4313,IZ,3,
201510,35.182,45.9679,IZ,6,
201510,35.3528,45.8668,IZ,3,
201510,35.4681,44.3922,IZ,2,
201510,35.565,45.4329,IZ,38,
201510,35.6554,43.397,IZ,4,
201510,36.0962,43.3293,IZ,4,
201510,36.1813,45.1287,IZ,23,
201510,36.1926,44.0106,IZ,50,
201510,36.5085,43.1807,IZ,1,
201510,36.8671,42.9884,IZ,10,
201510,36.9964,43.8496,IZ,1,
201510,26.2626,127.761,JA,1,
201510,26.3358,127.801,JA,2,
201510,29,125,JA,3,
201510,32.5167,131.667,JA,1,
201510,32.8667,129.033,JA,2,
201510,33.3333,132.017,JA,1,
201510,33.5833,135.95,JA,1,
201510,33.6258,132.855,JA,2,
201510,33.9218,134.237,JA,1,
201510,34.2164,129.301,JA,1,
201510,34.4,132.45,JA,1,
201510,34.6667,135.5,JA,2,
201510,35,135.75,JA,4,
201510,35,135.5,JA,2,
201510,35.1667,136.917,JA,1,
201510,35.2836,139.667,JA,4,
201510,35.45,135.333,JA,4,
201510,35.45,139.65,JA,4,
201510,35.6333,139.65,JA,1,
201510,35.6667,139.767,JA,6,
201510,35.685,139.751,JA,106,
201510,36,138,JA,90,
201510,37.9022,139.024,JA,1,
201510,38.2547,140.885,JA,8,
201510,38.3,139.55,JA,1,
201510,43.9894,143.537,JA,7,
201510,49.1961,-2.12585,JE,27,
201510,17.8814,-76.4093,JM,3,
201510,17.9667,-76.8667,JM,3,
201510,18.001,-76.7409,JM,4,
201510,18.0972,-76.6699,JM,4,
201510,18.18,-76.4612,JM,4,
201510,18.25,-77.5,JM,14,
201510,18.3833,-77.6333,JM,2,
201510,18.4509,-78.1736,JM,2,
201510,18.4712,-77.9188,JM,4,
201510,29.6779,35.4547,JO,1,
201510,31,36,JO,41,
201510,31.95,35.9333,JO,32,
201510,-4.05291,39.6981,KE,2,
201510,-3.78298,39.2758,KE,2,
201510,-2.26925,40.8991,KE,2,
201510,-2.15,37.8333,KE,3,
201510,-1.90542,40.7313,KE,2,
201510,-1.85238,36.7768,KE,1,
201510,-1.51667,37.2667,KE,1,
201510,-1.45071,36.9824,KE,1,
201510,-1.28333,36.8667,KE,5,
201510,-1.28333,36.8167,KE,29,
201510,-1.25891,36.7278,KE,3,
201510,-1.16667,36.8333,KE,4,
201510,-1.08333,36.85,KE,1,
201510,-1.07829,35.8601,KE,2,
201510,-0.934351,38.06,KE,1,
201510,-0.733333,37.05,KE,2,
201510,-0.716667,36.4359,KE,2,
201510,-0.683333,35.1,KE,1,
201510,-0.67394,34.7722,KE,3,
201510,-0.453548,39.6401,KE,4,
201510,-0.420132,36.9476,KE,3,
201510,-0.283333,36.0667,KE,1,
201510,-0.10221,34.7617,KE,1,
201510,-0.004165,34.6095,KE,2,
201510,0.016667,37.0728,KE,1,
201510,0.046256,37.6559,KE,4,
201510,0.238611,34.2694,KE,2,
201510,0.354615,37.5822,KE,2,
201510,0.520356,35.2699,KE,2,
201510,0.563504,34.5606,KE,5,
201510,0.633333,35.8,KE,1,
201510,0.665673,37.8897,KE,3,
201510,1,38,KE,32,
201510,41,75,KG,3,
201510,42.8731,74.6003,KG,2,
201510,39.0194,125.755,KN,17,
201510,40,127,KN,13,
201510,40.17,128.083,KN,1,
201510,41.8036,128.319,KN,1,
201510,33.2644,126.612,KS,1,
201510,35.1547,126.916,KS,1,
201510,36.2014,128.298,KS,2,
201510,37,127.5,KS,23,
201510,37.0244,126.961,KS,1,
201510,37.4186,128.122,KS,1,
201510,37.4386,127.138,KS,1,
201510,37.4536,126.732,KS,1,
201510,37.55,126.933,KS,1,
201510,37.5664,127,KS,52,
201510,37.5833,127,KS,3,
201510,37.6,127.25,KS,2,
201510,37.75,128.25,KS,4,
201510,29.2892,48.05,KU,1,
201510,29.3375,47.6581,KU,4,
201510,29.3436,47.9461,KU,1,
201510,42.3586,20.825,KV,1,
201510,42.5833,21,KV,45,
201510,42.8833,20.8667,KV,2,
201510,43.25,76.95,KZ,7,
201510,48,68,KZ,2,
201510,50.7562,78.5419,KZ,1,
201510,51.1811,71.4278,KZ,1,
201510,54.0517,67.6714,KZ,1,
201510,33.6667,35.8333,LE,1,
201510,33.8333,35.8333,LE,44,
201510,33.8333,36,LE,1,
201510,33.8339,35.5442,LE,7,
201510,33.8719,35.5097,LE,95,
201510,33.8961,35.5008,LE,1,
201510,34.0003,36.2186,LE,1,
201510,34.0058,36.2181,LE,13,
201510,34.1794,36.4208,LE,5,
201510,34.5428,36.0797,LE,1,
201510,34.6167,36.1333,LE,2,
201510,56.95,24.1,LG,2,
201510,57,25,LG,2,
201510,54.6833,25.3167,LH,7,
201510,54.9,23.9,LH,1,
201510,55,25.7833,LH,1,
201510,56,24,LH,4,
201510,5.09417,-9.14972,LI,1,
201510,6.06667,-8.12806,LI,2,
201510,6.31056,-10.8047,LI,13,
201510,6.33333,-10.8,LI,3,
201510,6.5,-9.5,LI,2,
201510,6.75,-8.75,LI,10,
201510,6.75333,-11.3686,LI,3,
201510,6.90639,-11.445,LI,1,
201510,6.99556,-9.47222,LI,1,
201510,7,-9.66667,LI,1,
201510,7.11028,-8.92972,LI,1,
201510,7.48889,-8.57083,LI,2,
201510,48.15,17.1167,LO,3,
201510,48.6667,19.5,LO,5,
201510,49.1215,18.4217,LO,1,
201510,-29.3167,27.4833,LT,5,
201510,-29.0936,28.3834,LT,2,
201510,49.4958,5.98056,LU,2,
201510,49.75,6.1667,LU,6,
201510,25,17,LY,27,
201510,31,22.5,LY,2,
201510,31.2089,16.5887,LY,5,
201510,31.8264,22.9321,LY,1,
201510,32.7627,21.7551,LY,1,
201510,32.8925,13.18,LY,26,
201510,-20,47,MA,2,
201510,22.2006,113.546,MC,2,
201510,47,28.5,MD,2,
201510,47,29,MD,35,
201510,47.0056,28.8575,MD,71,
201510,46,105,MG,3,
201510,47.9167,106.917,MG,2,
201510,-16.0254,35.504,MI,1,
201510,-13.9833,33.7833,MI,4,
201510,-13.8486,33.2386,MI,3,
201510,-13.5,34,MI,6,
201510,-13.3753,34.0036,MI,1,
201510,-13.3333,33.6,MI,2,
201510,-12.1667,33.6833,MI,1,
201510,-11.0462,33.9245,MI,1,
201510,-10.606,34.1063,MI,1,
201510,-9.93333,33.9333,MI,1,
201510,42.5,19.3,MJ,34,
201510,42.775,18.9583,MJ,2,
201510,42.9639,19.5825,MJ,1,
201510,41.1392,22.5025,MK,1,
201510,41.8333,22,MK,8,
201510,42,21.4333,MK,2,
201510,12.1392,-4.5515,ML,3,
201510,12.65,-8,ML,2,
201510,12.917,-6.75788,ML,1,
201510,13.3363,-6.8347,ML,2,
201510,17,-4,ML,8,
201510,18.4411,1.40778,ML,1,
201510,43.7333,7.4,MN,2,
201510,30.4207,-9.59316,MO,1,
201510,32,-5,MO,20,
201510,32.15,-8.25,MO,1,
201510,33.59,-7.61,MO,6,
201510,33.8498,-7.04037,MO,2,
201510,34.02,-6.83,MO,40,
201510,34.261,-6.5802,MO,3,
201510,35.3696,-5.6195,MO,1,
201510,35.697,-5.51762,MO,3,
201510,20,-12,MR,2,
201510,35.8333,14.5833,MT,9,
201510,35.86,14.47,MT,1,
201510,35.8925,14.4828,MT,2,
201510,35.8958,14.5083,MT,1,
201510,36.0525,14.1936,MT,1,
201510,17.015,54.0924,MU,8,
201510,21,57,MU,4,
201510,22.7877,57.6069,MU,1,
201510,3.25,73,MV,9,
201510,16.5,-91.75,MX,1,
201510,17.0333,-99.95,MX,3,
201510,17.55,-98.75,MX,4,
201510,17.6333,-101.55,MX,1,
201510,17.85,-100.367,MX,12,
201510,17.9167,-93.8833,MX,2,
201510,18.2333,-96.4333,MX,1,
201510,18.4917,-93.75,MX,5,
201510,18.6,-95.6667,MX,1,
201510,19.15,-102.7,MX,2,
201510,19.4342,-99.1386,MX,5,
201510,19.85,-90.5333,MX,2,
201510,20.6667,-103.333,MX,1,
201510,21.5167,-104.983,MX,2,
201510,23,-102,MX,37,
201510,24.4125,-106.691,MX,1,
201510,24.55,-104.069,MX,1,
201510,25.3833,-98.3333,MX,2,
201510,25.6667,-100.317,MX,2,
201510,31.7333,-106.483,MX,2,
201510,32.0719,-116.622,MX,1,
201510,32.5175,-115.235,MX,8,
201510,32.5333,-117.017,MX,1,
201510,1.4655,103.758,MY,1,
201510,1.4866,103.39,MY,2,
201510,1.55,110.333,MY,3,
201510,1.825,103.311,MY,3,
201510,2.01667,113.017,MY,1,
201510,2.196,102.241,MY,1,
201510,2.5,112.5,MY,73,
201510,2.5228,101.796,MY,1,
201510,2.9029,102.888,MY,2,
201510,3,101.617,MY,2,
201510,3.08333,101.667,MY,6,
201510,3.15,101.767,MY,3,
201510,3.16667,101.7,MY,65,
201510,3.18333,101.65,MY,2,
201510,3.2,101.583,MY,1,
201510,3.21667,101.633,MY,1,
201510,3.35,101.25,MY,14,
201510,3.5321,103.462,MY,3,
201510,3.55,102.567,MY,1,
201510,4.88333,100.733,MY,3,
201510,5.36301,100.467,MY,1,
201510,5.41065,100.32,MY,2,
201510,5.41123,100.335,MY,8,
201510,5.48333,102.1,MY,1,
201510,5.63052,102.648,MY,1,
201510,5.71667,100.417,MY,3,
201510,5.9821,116.662,MY,1,
201510,6.04934,102.14,MY,1,
201510,6.13328,102.239,MY,1,
201510,6.32649,99.8432,MY,1,
201510,-25.9653,32.5892,MZ,1,
201510,-18.25,35,MZ,1,
201510,-13.3475,38.5697,MZ,1,
201510,-13.3439,39.4294,MZ,4,
201510,-12.9767,39.855,MZ,1,
201510,-22.2667,166.45,NC,2,
201510,13.5167,2.11667,NG,1,
201510,16,8,NG,6,
201510,16.9733,7.99111,NG,1,
201510,-16,167,NH,6,
201510,4.75,6.83333,NI,34,
201510,4.75,6.08333,NI,12,
201510,4.78917,6.99861,NI,17,
201510,4.81667,7.31667,NI,7,
201510,4.8312,7.00493,NI,1,
201510,4.83333,6,NI,11,
201510,4.86464,6.9984,NI,1,
201510,4.92472,6.26417,NI,6,
201510,4.9517,8.322,NI,4,
201510,5,7.83333,NI,12,
201510,5.18193,5.55908,NI,1,
201510,5.30156,6.4168,NI,4,
201510,5.48333,7.03041,NI,3,
201510,5.5,6,NI,3,
201510,5.52627,7.48959,NI,4,
201510,5.6796,7.29141,NI,1,
201510,6.14543,6.78845,NI,3,
201510,6.1842,6.97655,NI,4,
201510,6.21009,7.07411,NI,4,
201510,6.25,8.08333,NI,3,
201510,6.33333,7,NI,10,
201510,6.42806,3.42199,NI,2,
201510,6.43333,3.43333,NI,1,
201510,6.4402,7.4943,NI,8,
201510,6.44556,3.35917,NI,3,
201510,6.45306,3.39583,NI,84,
201510,6.4875,3.36611,NI,1,
201510,6.5,7.5,NI,1,
201510,6.5,6,NI,15,
201510,6.50875,4.17228,NI,1,
201510,6.51667,3.36667,NI,2,
201510,6.52626,3.35714,NI,1,
201510,6.52916,3.32172,NI,1,
201510,6.58333,3.75,NI,9,
201510,6.59422,3.33748,NI,4,
201510,6.60961,3.35658,NI,1,
201510,6.61548,3.50867,NI,1,
201510,6.65,6.08333,NI,3,
201510,6.78922,4.8664,NI,2,
201510,6.79789,8.34589,NI,3,
201510,6.85,6.11667,NI,1,
201510,6.85,2.88333,NI,1,
201510,6.8561,7.3927,NI,3,
201510,6.86579,3.71518,NI,3,
201510,7,3.58333,NI,8,
201510,7.0607,5.2282,NI,1,
201510,7.11667,3.33333,NI,2,
201510,7.15,3.35,NI,1,
201510,7.16667,5.08333,NI,10,
201510,7.23333,3.53333,NI,1,
201510,7.25256,5.19312,NI,2,
201510,7.26667,7.4,NI,3,
201510,7.38333,4.36667,NI,2,
201510,7.38778,3.89639,NI,2,
201510,7.43333,4.95,NI,1,
201510,7.46667,4.01667,NI,1,
201510,7.5,9.33333,NI,1,
201510,7.5,4.5,NI,3,
201510,7.53333,4.05,NI,26,
201510,7.53333,3.80472,NI,4,
201510,7.621,5.2215,NI,6,
201510,7.66667,5.25,NI,8,
201510,7.7411,8.5121,NI,1,
201510,7.75,6.75,NI,12,
201510,7.76667,4.56667,NI,10,
201510,7.80236,6.743,NI,3,
201510,7.8139,5.0742,NI,2,
201510,7.9,3.78333,NI,1,
201510,7.96667,4.15,NI,2,
201510,8,4,NI,2,
201510,8,10.5,NI,2,
201510,8.01667,4.9,NI,1,
201510,8.03333,4.16667,NI,2,
201510,8.1,4.3,NI,1,
201510,8.15,4.28333,NI,2,
201510,8.2,12,NI,1,
201510,8.31667,8.51667,NI,2,
201510,8.46667,6.95,NI,1,
201510,8.5,5,NI,7,
201510,8.5,4.55,NI,9,
201510,8.83333,7.16667,NI,3,
201510,8.86722,7.005,NI,1,
201510,8.89639,7.24306,NI,1,
201510,9.08333,7.53333,NI,97,
201510,9.25,9.65,NI,1,
201510,9.5,7.71667,NI,1,
201510,9.55722,12.7819,NI,1,
201510,10,6,NI,5,
201510,10,8,NI,58,
201510,10.2306,13.259,NI,2,
201510,10.25,11.1667,NI,2,
201510,10.2897,11.1673,NI,1,
201510,10.3134,9.84327,NI,2,
201510,10.3333,7.75,NI,5,
201510,10.5231,7.44028,NI,23,
201510,10.6945,10.7192,NI,1,
201510,10.8552,11.784,NI,4,
201510,10.8658,12.847,NI,11,
201510,11.1036,13.713,NI,1,
201510,11.1132,7.72518,NI,2,
201510,11.2,13.0333,NI,1,
201510,11.4148,8.25082,NI,36,
201510,11.4214,7.52779,NI,1,
201510,11.4436,8.20353,NI,2,
201510,11.4833,10.9667,NI,2,
201510,11.5,13,NI,10,
201510,11.6558,13.4213,NI,1,
201510,11.6621,14.0201,NI,1,
201510,11.665,14.041,NI,5,
201510,11.8464,13.1603,NI,9,
201510,11.951,7.93842,NI,1,
201510,11.9964,8.51667,NI,10,
201510,12,9.75,NI,1,
201510,12,11.5,NI,5,
201510,12.1343,8.70669,NI,4,
201510,12.1548,9.75759,NI,2,
201510,12.2658,6.63738,NI,3,
201510,12.2744,8.96828,NI,1,
201510,12.3337,6.28493,NI,8,
201510,12.3383,6.75847,NI,2,
201510,12.499,12.7848,NI,1,
201510,12.55,6.63333,NI,4,
201510,12.5932,5.42398,NI,1,
201510,12.8166,8.99592,NI,1,
201510,13.0609,5.23902,NI,7,
201510,13.0833,5.25,NI,9,
201510,13.3285,14.1217,NI,5,
201510,51.7983,5.87032,NL,7,
201510,52.0186,4.37815,NL,2,
201510,52.0938,5.11909,NL,3,
201510,52.2319,5.17988,NL,1,
201510,52.2655,5.17936,NL,1,
201510,52.35,4.91667,NL,18,
201510,52.5,5.75,NL,31,
201510,58.9667,5.75,NO,1,
201510,59.2,9.6,NO,5,
201510,59.9167,10.75,NO,20,
201510,62,10,NO,27,
201510,63.4333,10.2833,NO,1,
201510,66.2333,12.5667,NO,1,
201510,26.4694,87.2842,NP,3,
201510,26.4845,87.8561,NP,5,
201510,26.6667,87.5,NP,1,
201510,26.7183,85.9065,NP,3,
201510,26.8333,86.0833,NP,1,
201510,26.9167,85.8333,NP,4,
201510,27,85.3333,NP,2,
201510,27,85.5833,NP,3,
201510,27.0104,84.8773,NP,30,
201510,27.2333,86.6667,NP,2,
201510,27.3571,87.6723,NP,4,
201510,27.4284,85.0322,NP,9,
201510,27.4833,83.2833,NP,1,
201510,27.5,83.4167,NP,4,
201510,27.5,83.45,NP,3,
201510,27.5833,84.5,NP,3,
201510,27.6667,83.9167,NP,1,
201510,27.6667,84,NP,4,
201510,27.6791,86.0743,NP,4,
201510,27.6986,85.3595,NP,2,
201510,27.7167,85.3167,NP,140,
201510,27.7546,85.4135,NP,2,
201510,27.9419,85.9416,NP,1,
201510,28,84,NP,63,
201510,28.0577,81.6244,NP,1,
201510,28.5,81.1333,NP,3,
201510,28.571,80.795,NP,1,
201510,28.75,80.9167,NP,2,
201510,-0.5333,166.917,NR,9,
201510,11.4887,-85.479,NU,2,
201510,12.1063,-85.3645,NU,1,
201510,12.1508,-86.2683,NU,2,
201510,12.2163,-85.1659,NU,1,
201510,12.7507,-86.738,NU,1,
201510,13,-85,NU,2,
201510,-46.4,168.35,NZ,2,
201510,-45.6667,168,NZ,1,
201510,-45.25,169.5,NZ,2,
201510,-44.7,169.15,NZ,4,
201510,-43.8,169.117,NZ,4,
201510,-41.3,174.783,NZ,16,
201510,-41.2833,174.75,NZ,9,
201510,-41,174,NZ,31,
201510,-39.2833,174.567,NZ,2,
201510,-39.0333,177.367,NZ,1,
201510,-38.0167,175.317,NZ,2,
201510,-37.0833,174.95,NZ,2,
201510,-36.9333,174.817,NZ,2,
201510,-36.9167,174.667,NZ,5,
201510,-36.75,174.583,NZ,9,
201510,-35.7167,174.317,NZ,2,
201510,-35.2333,173.217,NZ,7,
201510,-29.2667,-177.917,NZ,1,
201510,4.84597,31.6012,OD,6,
201510,4.91584,29.4741,OD,3,
201510,5.4,28.4,OD,3,
201510,5.41667,30.5,OD,5,
201510,6.79223,30.6884,OD,2,
201510,6.802,29.6912,OD,4,
201510,7.77555,27.6617,OD,1,
201510,8,30,OD,18,
201510,8.43333,33.2167,OD,1,
201510,8.51667,33.45,OD,6,
201510,8.65,29.85,OD,3,
201510,8.66848,29.3099,OD,1,
201510,8.76816,27.4002,OD,1,
201510,8.82338,26.7817,OD,6,
201510,10,32.7,OD,1,
201510,35,20,OS,3,
201510,42,50,OS,4,
201510,43,35,OS,2,
201510,55.3333,3,OS,3,
201510,70,5,OS,1,
201510,-25.5097,-54.6111,PA,1,
201510,-25.2667,-57.6667,PA,4,
201510,-23,-58,PA,2,
201510,-16.9978,-72.1031,PE,3,
201510,-14.1167,-72.25,PE,1,
201510,-14,-73,PE,10,
201510,-13.7464,-72.3567,PE,7,
201510,-12.6,-69.1833,PE,1,
201510,-12.05,-77.05,PE,13,
201510,-11.1167,-76.5,PE,1,
201510,-10,-76,PE,12,
201510,10.369,115.06,PG,1,
201510,24.1909,67.7355,PK,1,
201510,24.7866,67.0587,PK,2,
201510,24.8528,67.0106,PK,7,
201510,24.8548,67.02,PK,6,
201510,24.8667,67.05,PK,60,
201510,24.8802,67.0964,PK,4,
201510,24.8922,67.0287,PK,1,
201510,24.9222,67.09,PK,4,
201510,24.9274,67.0348,PK,1,
201510,24.9278,66.9645,PK,1,
201510,25.1216,62.3254,PK,1,
201510,25.1243,68.8901,PK,28,
201510,25.3,62.7403,PK,3,
201510,25.5502,68.8982,PK,1,
201510,25.6391,68.6465,PK,1,
201510,25.9587,68.5321,PK,3,
201510,26.1488,68.2125,PK,1,
201510,26.1776,68.4998,PK,1,
201510,26.4602,68.2523,PK,1,
201510,26.7475,68.9524,PK,5,
201510,26.9833,68.5167,PK,9,
201510,27.4125,66.4678,PK,1,
201510,27.471,68.609,PK,1,
201510,27.612,68.1961,PK,1,
201510,28.0082,68.1986,PK,1,
201510,28.0341,67.9477,PK,2,
201510,28.1531,68.6421,PK,1,
201510,28.3932,70.329,PK,2,
201510,28.4167,68.85,PK,4,
201510,28.4522,70.2315,PK,5,
201510,28.4785,65.6436,PK,22,
201510,28.9764,62.4345,PK,1,
201510,29.2777,61.5662,PK,3,
201510,29.4207,65.9354,PK,4,
201510,29.7167,72.2694,PK,1,
201510,29.7803,67.9787,PK,1,
201510,30,70,PK,103,
201510,30.007,73.1839,PK,1,
201510,30.0333,72.35,PK,3,
201510,30.0561,70.6348,PK,2,
201510,30.0667,71.4333,PK,1,
201510,30.0754,71.1921,PK,3,
201510,30.1338,71.3685,PK,5,
201510,30.1956,71.4753,PK,15,
201510,30.199,67.0097,PK,8,
201510,30.2073,67.0055,PK,1,
201510,30.2186,73.3011,PK,2,
201510,30.253,71.9862,PK,1,
201510,30.2742,71.9546,PK,2,
201510,30.341,73.3866,PK,1,
201510,30.5667,72.85,PK,4,
201510,30.5832,73.829,PK,2,
201510,30.6333,72.8667,PK,2,
201510,30.7667,72.4333,PK,1,
201510,30.7721,72.3542,PK,2,
201510,30.7986,72.3861,PK,1,
201510,30.8081,73.4458,PK,4,
201510,30.915,71.8516,PK,3,
201510,30.9226,67.831,PK,1,
201510,30.9333,74.3,PK,8,
201510,30.9413,70.9295,PK,4,
201510,30.9548,66.8209,PK,1,
201510,30.9743,72.4827,PK,1,
201510,31.1156,74.4467,PK,3,
201510,31.1565,67.6666,PK,1,
201510,31.1833,70.6667,PK,6,
201510,31.2686,74.2328,PK,10,
201510,31.2833,73.25,PK,1,
201510,31.3375,74.2322,PK,2,
201510,31.3667,73.0667,PK,2,
201510,31.3967,73.5561,PK,1,
201510,31.4167,73.0833,PK,7,
201510,31.4228,73.1349,PK,1,
201510,31.4475,73.6972,PK,1,
201510,31.5023,72.8975,PK,1,
201510,31.5385,74.3363,PK,1,
201510,31.5497,74.3436,PK,82,
201510,31.5574,74.3143,PK,2,
201510,31.5611,74.3511,PK,2,
201510,31.5875,74.3758,PK,1,
201510,31.651,72.1856,PK,1,
201510,31.8389,74.2689,PK,1,
201510,31.9112,72.9408,PK,1,
201510,32.0283,74.4059,PK,3,
201510,32.0387,73.751,PK,16,
201510,32.0836,72.6711,PK,1,
201510,32.1062,73.8754,PK,2,
201510,32.125,73.4159,PK,1,
201510,32.15,74.1833,PK,5,
201510,32.1986,74.1272,PK,3,
201510,32.3243,74.3497,PK,3,
201510,32.3335,71.8909,PK,4,
201510,32.3353,70.1192,PK,1,
201510,32.3428,70.5417,PK,1,
201510,32.3879,74.2849,PK,2,
201510,32.4108,74.0728,PK,2,
201510,32.4458,74.1159,PK,1,
201510,32.45,74.1333,PK,1,
201510,32.5611,73.1333,PK,2,
201510,32.6254,74.184,PK,1,
201510,32.6469,69.94,PK,2,
201510,32.7105,74.3047,PK,4,
201510,32.7756,71.9522,PK,3,
201510,32.9445,70.2515,PK,1,
201510,32.9459,70.7407,PK,2,
201510,32.9509,69.9576,PK,3,
201510,32.9845,71.1714,PK,1,
201510,33.0145,69.9992,PK,1,
201510,33.5465,73.2084,PK,1,
201510,33.5547,73.1025,PK,2,
201510,33.5927,73.0707,PK,6,
201510,33.6,73.0667,PK,61,
201510,33.6122,73.0559,PK,5,
201510,33.6202,73.059,PK,3,
201510,33.6441,73.0995,PK,1,
201510,33.7,73.1667,PK,92,
201510,33.7058,70.3283,PK,1,
201510,33.7102,70.3401,PK,2,
201510,33.722,73.0224,PK,1,
201510,33.7368,73.0761,PK,1,
201510,33.7371,73.0857,PK,1,
201510,33.7415,73.094,PK,1,
201510,33.823,72.6873,PK,1,
201510,33.8928,72.2407,PK,1,
201510,33.8991,73.1536,PK,2,
201510,33.9472,73.9104,PK,4,
201510,34.003,71.3807,PK,1,
201510,34.0078,71.5733,PK,40,
201510,34.1017,71.1467,PK,12,
201510,34.1199,72.4699,PK,6,
201510,34.1435,71.7317,PK,3,
201510,34.1779,71.6469,PK,1,
201510,34.1805,73.668,PK,1,
201510,34.2019,72.0525,PK,1,
201510,34.2056,73.505,PK,3,
201510,34.2139,71.5552,PK,2,
201510,34.2815,71.6886,PK,1,
201510,34.3419,72.7729,PK,1,
201510,34.4639,71.3512,PK,2,
201510,34.4982,73.0077,PK,2,
201510,34.5656,71.9304,PK,3,
201510,34.6818,73.0317,PK,2,
201510,34.7243,71.8598,PK,1,
201510,34.7573,71.4907,PK,1,
201510,34.7758,72.3625,PK,2,
201510,34.796,72.1502,PK,49,
201510,34.8519,71.8534,PK,2,
201510,34.8563,72.5701,PK,1,
201510,34.8873,72.6009,PK,1,
201510,34.9765,72.3173,PK,5,
201510,35.3088,72.0469,PK,2,
201510,35.3803,72.1751,PK,2,
201510,35.3866,75.5471,PK,1,
201510,35.7441,71.7834,PK,1,
201510,35.9187,74.3125,PK,2,
201510,36,75,PK,1,
201510,49.9843,19.1421,PL,1,
201510,50.7714,16.2843,PL,5,
201510,50.9827,20.5215,PL,1,
201510,51,18,PL,2,
201510,51.2333,22.6,PL,1,
201510,52,20,PL,24,
201510,52.25,21,PL,30,
201510,53.017,17.9843,PL,1,
201510,53.4395,14.5939,PL,1,
201510,8.96667,-79.5333,PM,1,
201510,9,-80,PM,12,
201510,9.03333,-79.5,PM,4,
201510,9.33333,-79.9167,PM,1,
201510,37.1623,-7.97024,PO,1,
201510,38.7167,-9.13333,PO,28,
201510,39.0342,-8.21365,PO,4,
201510,39.5,-8,PO,6,
201510,39.6606,-8.93772,PO,1,
201510,41.1496,-8.61099,PO,6,
201510,-9.46472,147.193,PP,2,
201510,-9.45958,147.16,PP,1,
201510,-6,147,PP,4,
201510,-2.0729,146.937,PP,7,
201510,25.1715,51.6034,QA,2,
201510,25.2867,51.5333,QA,7,
201510,25.5,51.25,QA,16,
201510,25.9086,51.5783,QA,1,
201510,44.8186,20.4681,RB,19,
201510,,,RB,17,
201510,43.75,20.75,RI,44,
201510,44.0333,20.45,RI,1,
201510,44.74,20.4867,RI,1,
201510,7.1,171.383,RM,1,
201510,9,168,RM,4,
201510,44.4333,26.1,RO,4,
201510,44.4689,22.6672,RO,1,
201510,46,25,RO,13,
201510,46.55,24.5667,RO,2,
201510,6.05,121,RP,8,
201510,6.44528,124.667,RP,4,
201510,6.86667,124.467,RP,1,
201510,6.91025,122.072,RP,3,
201510,7.07306,125.613,RP,10,
201510,7.11,125.649,RP,1,
201510,7.38333,124.986,RP,1,
201510,8.5883,123.341,RP,1,
201510,8.6773,123.415,RP,2,
201510,8.94917,125.544,RP,1,
201510,9.307,123.307,RP,2,
201510,9.4601,123.378,RP,1,
201510,9.5,122.8,RP,2,
201510,9.75,123,RP,1,
201510,9.789,125.495,RP,1,
201510,10.2048,122.989,RP,2,
201510,10.3111,123.892,RP,2,
201510,10.6969,122.564,RP,7,
201510,11,123.5,RP,1,
201510,12.5492,123.734,RP,1,
201510,12.615,124.441,RP,1,
201510,13,122,RP,31,
201510,13.1387,123.735,RP,1,
201510,13.5019,122.598,RP,8,
201510,13.6167,123.183,RP,3,
201510,14.1364,121.416,RP,1,
201510,14.222,122.907,RP,1,
201510,14.5548,121.019,RP,6,
201510,14.5715,121.085,RP,1,
201510,14.5832,121.041,RP,3,
201510,14.5833,120.967,RP,1,
201510,14.6042,120.982,RP,37,
201510,14.6073,121.071,RP,2,
201510,14.668,120.957,RP,1,
201510,14.8866,120.593,RP,1,
201510,15.025,120.95,RP,2,
201510,15.4867,120.968,RP,2,
201510,15.8334,120.378,RP,2,
201510,16.1,120.517,RP,2,
201510,16.3413,121.937,RP,1,
201510,16.45,120.55,RP,13,
201510,16.6,121.033,RP,3,
201510,18.1978,120.596,RP,1,
201510,18.2333,121.583,RP,1,
201510,18.2359,-66.4838,RQ,7,
201510,41.6772,48.146,RS,8,
201510,42.819,47.1192,RS,1,
201510,42.9764,47.5024,RS,1,
201510,43,47,RS,9,
201510,43.2167,44.7833,RS,1,
201510,43.25,46,RS,1,
201510,43.3119,45.6889,RS,1,
201510,43.5992,39.7257,RS,3,
201510,44.1053,39.0802,RS,1,
201510,45.1853,38.7755,RS,2,
201510,46.1667,152,RS,3,
201510,46.3497,48.0408,RS,1,
201510,46.9581,142.734,RS,1,
201510,47.2364,39.7139,RS,2,
201510,47.4333,142.033,RS,1,
201510,48.8047,44.5858,RS,1,
201510,49.4483,40.7703,RS,1,
201510,50.3583,129.13,RS,1,
201510,51.2921,57.7054,RS,5,
201510,51.6101,44.3811,RS,1,
201510,52.1256,140.381,RS,2,
201510,52.4,54.9833,RS,5,
201510,52.7317,41.4433,RS,7,
201510,53.2,50.15,RS,5,
201510,53.3503,104.037,RS,2,
201510,54.1546,37.4002,RS,5,
201510,54.7065,20.511,RS,2,
201510,55.0794,38.7783,RS,1,
201510,55.5796,36.7039,RS,2,
201510,55.7522,37.6156,RS,427,
201510,56.3108,87.7767,RS,1,
201510,56.3269,44.0075,RS,2,
201510,56.4243,56.6489,RS,1,
201510,56.6167,61.8833,RS,1,
201510,57.3023,37.1915,RS,3,
201510,57.5275,38.3317,RS,3,
201510,57.8136,28.3496,RS,1,
201510,59.0991,46.4484,RS,2,
201510,59.2667,34.3333,RS,6,
201510,59.8944,30.2642,RS,7,
201510,60,100,RS,245,
201510,-2.631,29.5048,RW,2,
201510,-2.4197,29.5869,RW,2,
201510,-2,30,RW,8,
201510,-1.95361,30.0606,RW,5,
201510,-1.75,30.5,RW,4,
201510,-1.4623,29.5799,RW,3,
201510,-1.3665,29.7801,RW,1,
201510,19.1353,41.1422,SA,1,
201510,19.1667,43.1667,SA,2,
201510,21.4267,39.8261,SA,29,
201510,21.4436,39.8561,SA,1,
201510,21.5169,39.2192,SA,23,
201510,22.5,51,SA,18,
201510,24.3876,38.2761,SA,1,
201510,24.6408,46.7728,SA,80,
201510,25,45,SA,164,
201510,26.4344,50.1033,SA,3,
201510,26.4852,50.0405,SA,2,
201510,27.0112,49.6583,SA,3,
201510,28.5,41,SA,1,
201510,-34.1667,18.3333,SF,3,
201510,-34.0864,23.0858,SF,4,
201510,-34.0735,18.4866,SF,2,
201510,-34.0393,18.6792,SF,3,
201510,-34.0082,18.4664,SF,1,
201510,-33.958,18.4608,SF,54,
201510,-33.9448,18.627,SF,2,
201510,-33.9346,18.8668,SF,32,
201510,-33.9167,18.4167,SF,106,
201510,-33.3042,26.5328,SF,27,
201510,-32.9332,27.7766,SF,3,
201510,-32.9002,18.2728,SF,3,
201510,-32.7833,26.8333,SF,6,
201510,-32.7831,26.8433,SF,1,
201510,-31.4113,26.487,SF,21,
201510,-31.2895,29.4551,SF,30,
201510,-30.1284,26.9668,SF,1,
201510,-30.0843,29.7189,SF,1,
201510,-29.85,31.0167,SF,31,
201510,-29.8207,30.8867,SF,2,
201510,-29.6168,30.3928,SF,2,
201510,-29.1453,26.7117,SF,1,
201510,-29.1324,29.5947,SF,1,
201510,-29,24,SF,101,
201510,-29,26,SF,2,
201510,-28.8504,30.8632,SF,1,
201510,-28.6207,31.0907,SF,3,
201510,-28.496,31.3451,SF,2,
201510,-27.8818,31.534,SF,1,
201510,-27.3515,32.0707,SF,1,
201510,-26.8521,26.6667,SF,1,
201510,-26.7167,27.1,SF,3,
201510,-26.6842,27.8743,SF,4,
201510,-26.5619,27.941,SF,4,
201510,-26.4315,25.5222,SF,1,
201510,-26.3667,28.05,SF,1,
201510,-26.2667,27.8667,SF,3,
201510,-26.2,27.9333,SF,1,
201510,-26.2,28.0833,SF,140,
201510,-26.1833,28.25,SF,1,
201510,-26.1821,28.0267,SF,11,
201510,-26.1167,29.5167,SF,1,
201510,-26.0991,27.9759,SF,1,
201510,-26.0833,28.25,SF,48,
201510,-26.0521,28.0281,SF,3,
201510,-26.05,27.9667,SF,5,
201510,-26.0102,25.5354,SF,7,
201510,-25.9636,28.1378,SF,5,
201510,-25.8713,29.2332,SF,2,
201510,-25.7884,31.0532,SF,2,
201510,-25.7069,28.2294,SF,54,
201510,-25.6676,27.2421,SF,2,
201510,-25.5833,27.5667,SF,10,
201510,-25.4089,28.287,SF,4,
201510,-25.1797,28.1135,SF,11,
201510,-24.6,29.75,SF,2,
201510,-24.1013,29.0749,SF,3,
201510,-23.9045,29.4689,SF,4,
201510,-23.1739,27.9804,SF,1,
201510,-23.0544,30.8211,SF,5,
201510,-22.9456,30.485,SF,2,
201510,-22.8,30.5667,SF,4,
201510,14.7367,-17.6339,SG,1,
201510,46,15,SI,2,
201510,46.0553,14.5144,SI,1,
201510,8.36667,-13.2,SL,14,
201510,8.43806,-13.1631,SL,1,
201510,8.49,-13.2342,SL,11,
201510,8.5,-11.5,SL,6,
201510,8.63333,-10.9833,SL,1,
201510,9.53333,-11.3667,SL,1,
201510,1.25,103.827,SN,1,
201510,1.29611,103.78,SN,1,
201510,1.3275,103.932,SN,1,
201510,1.33417,103.723,SN,1,
201510,1.33639,103.866,SN,1,
201510,1.3667,103.8,SN,39,
201510,1.36917,103.85,SN,1,
201510,1.44972,103.731,SN,3,
201510,-0.358173,42.5454,SO,1,
201510,2.06667,45.3667,SO,8,
201510,2.08333,42.1667,SO,1,
201510,3.11383,43.6498,SO,2,
201510,3.32892,42.2209,SO,3,
201510,7.75,48,SO,6,
201510,9,49,SO,2,
201510,10,49,SO,17,
201510,11.1595,48.1967,SO,2,
201510,37.1784,-3.5992,SP,1,
201510,37.6,-4.5,SP,5,
201510,38.3462,-0.487722,SP,2,
201510,40,-4,SP,43,
201510,40.4,-3.68333,SP,15,
201510,40.4333,-2.68333,SP,3,
201510,40.5971,-3.49743,SP,1,
201510,40.9681,-5.66202,SP,4,
201510,41.2577,0.932084,SP,4,
201510,41.3833,2.18333,SP,22,
201510,42.0711,-0.384249,SP,1,
201510,43.3136,-1.98186,SP,7,
201510,14,-61,ST,1,
201510,11.15,34.1,SU,1,
201510,13.3267,24.8534,SU,1,
201510,13.5,23.5,SU,9,
201510,15,30,SU,11,
201510,15.5881,32.5342,SU,6,
201510,78.0644,14.1859,SV,1,
201510,55.9833,13.5,SW,2,
201510,57.7167,11.9667,SW,5,
201510,59.3333,18.05,SW,49,
201510,59.85,17.6333,SW,1,
201510,62,15,SW,59,
201510,62.9333,17.8333,SW,1,
201510,65.8333,24.1333,SW,8,
201510,32.6189,36.1021,SY,2,
201510,32.6447,36.5724,SY,1,
201510,32.6899,36.8425,SY,2,
201510,32.709,36.5695,SY,2,
201510,32.9049,35.8072,SY,6,
201510,33.0223,36.026,SY,2,
201510,33.5,36.3,SY,135,
201510,33.5,36.3833,SY,4,
201510,33.5165,36.3843,SY,2,
201510,33.7249,36.1005,SY,2,
201510,33.9547,36.6267,SY,3,
201510,34.5333,36.4833,SY,3,
201510,34.5519,37.6752,SY,1,
201510,34.5608,38.2805,SY,15,
201510,34.6333,37.0333,SY,1,
201510,34.6994,36.6781,SY,1,
201510,34.8406,36.7309,SY,10,
201510,34.889,35.8866,SY,4,
201510,34.9265,36.7324,SY,2,
201510,35,38,SY,309,
201510,35.1819,35.9487,SY,2,
201510,35.3359,40.1408,SY,1,
201510,35.3614,35.9256,SY,5,
201510,35.5148,35.7768,SY,32,
201510,35.6747,36.2353,SY,1,
201510,35.8143,36.3206,SY,2,
201510,35.8469,38.5443,SY,5,
201510,35.9306,36.6339,SY,45,
201510,35.95,39.0167,SY,23,
201510,36.0468,37.1245,SY,2,
201510,36.1569,37.7078,SY,1,
201510,36.2028,37.1586,SY,106,
201510,36.5024,40.7477,SY,3,
201510,36.5383,37.2693,SY,2,
201510,36.5866,37.0463,SY,1,
201510,36.8175,38.0111,SY,4,
201510,37.2625,42.2869,SY,4,
201510,46.1956,6.14811,SZ,32,
201510,46.7779,6.6355,SZ,2,
201510,46.8167,9.83333,SZ,1,
201510,46.9167,7.46667,SZ,13,
201510,47,8,SZ,30,
201510,47.3052,7.89094,SZ,1,
201510,47.3667,8.55,SZ,6,
201510,10.2279,-61.5477,TD,2,
201510,10.2735,-61.3761,TD,1,
201510,10.6057,-61.3817,TD,2,
201510,10.6486,-61.4951,TD,2,
201510,10.65,-61.5167,TD,1,
201510,11,-61,TD,10,
201510,11.1774,-60.7314,TD,1,
201510,7.19882,100.595,TH,2,
201510,7.83333,98.3833,TH,14,
201510,8.0317,98.3341,TH,1,
201510,8.4509,98.5298,TH,1,
201510,13.6004,100.597,TH,2,
201510,13.75,100.517,TH,46,
201510,14.7981,100.654,TH,1,
201510,15,100,TH,24,
201510,15.6092,102.129,TH,1,
201510,16.8248,100.259,TH,1,
201510,17.3018,101.954,TH,1,
201510,18.7904,98.9847,TH,2,
201510,19.9086,99.8325,TH,5,
201510,38.56,68.7739,TI,2,
201510,8,1.1667,TO,1,
201510,34,9,TS,59,
201510,34.392,8.82084,TS,1,
201510,35.0382,9.48493,TS,6,
201510,35.8254,10.637,TS,14,
201510,36.085,9.37082,TS,1,
201510,36.8028,10.1797,TS,48,
201510,37.0667,10.0667,TS,21,
201510,36.0751,32.8369,TU,1,
201510,36.2066,36.1572,TU,1,
201510,36.2692,36.5672,TU,4,
201510,36.4261,32.1925,TU,1,
201510,36.4655,30.3556,TU,4,
201510,36.5437,31.9998,TU,4,
201510,36.7161,37.115,TU,2,
201510,36.7328,34.6442,TU,2,
201510,36.811,37.4995,TU,1,
201510,36.999,35.4204,TU,2,
201510,37.0017,35.3289,TU,6,
201510,37.0594,37.3825,TU,3,
201510,37.1671,38.7939,TU,2,
201510,37.1853,38.883,TU,4,
201510,37.2292,40.9675,TU,1,
201510,37.2933,42.0664,TU,1,
201510,37.3272,42.1903,TU,9,
201510,37.3594,40.9956,TU,4,
201510,37.3882,44.1155,TU,1,
201510,37.7581,41.6947,TU,2,
201510,37.7644,38.2763,TU,2,
201510,37.8714,32.4846,TU,3,
201510,37.9158,40.2189,TU,51,
201510,37.9232,38.6685,TU,3,
201510,37.9383,38.8713,TU,1,
201510,37.9919,41.8646,TU,2,
201510,38.2262,33.2047,TU,34,
201510,38.3274,41.4606,TU,6,
201510,38.3502,38.3167,TU,1,
201510,38.4104,27.142,TU,10,
201510,38.4167,27.15,TU,3,
201510,38.4333,27.2,TU,1,
201510,38.6175,43.4831,TU,1,
201510,38.6314,30.7928,TU,1,
201510,38.7525,35.3764,TU,2,
201510,38.7918,35.6592,TU,13,
201510,38.8098,34.6025,TU,1,
201510,38.9218,39.8329,TU,2,
201510,38.9307,39.6573,TU,2,
201510,39,35,TU,144,
201510,39.1083,39.2213,TU,2,
201510,39.1258,44.062,TU,1,
201510,39.1884,42.1025,TU,1,
201510,39.2109,28.5395,TU,1,
201510,39.3926,43.5486,TU,2,
201510,39.5239,29.0279,TU,11,
201510,39.7028,42.1456,TU,1,
201510,39.7483,37.0161,TU,1,
201510,39.7522,39.4928,TU,2,
201510,39.8222,35.6402,TU,1,
201510,39.9137,32.7686,TU,2,
201510,39.9272,32.8644,TU,318,
201510,39.9275,32.8564,TU,2,
201510,40.0222,43.4712,TU,2,
201510,40.1917,29.0611,TU,2,
201510,40.2885,29.4458,TU,1,
201510,40.4851,41.117,TU,1,
201510,40.5333,29.3333,TU,15,
201510,40.55,28.5333,TU,1,
201510,40.602,43.0949,TU,1,
201510,40.6533,35.8331,TU,1,
201510,40.7947,39.6837,TU,1,
201510,40.8028,29.4307,TU,1,
201510,40.8833,29.0833,TU,1,
201510,41,28.9833,TU,3,
201510,41.0186,28.9647,TU,99,
201510,41.0572,29.0433,TU,2,
201510,41.4025,33.0289,TU,2,
201510,41.4514,31.7931,TU,1,
201510,41.7356,26.3961,TU,12,
201510,22.5312,120.373,TW,2,
201510,22.9989,120.219,TW,1,
201510,23.5,121,TW,24,
201510,24.2792,120.654,TW,2,
201510,24.4367,118.318,TW,5,
201510,25.0478,121.532,TW,22,
201510,40,60,TX,6,
201510,40.0222,52.9552,TX,2,
201510,-10.5,40,TZ,2,
201510,-7.76667,35.7,TZ,12,
201510,-6.98333,38.5833,TZ,3,
201510,-6.8,39.2833,TZ,1,
201510,-6,35,TZ,8,
201510,-5.03333,39.7,TZ,2,
201510,-4.68333,38.0667,TZ,1,
201510,-4.21667,33.1833,TZ,2,
201510,-3.36667,36.6833,TZ,1,
201510,-2.98333,36.9667,TZ,2,
201510,-0.841111,29.9419,UG,17,
201510,-0.312724,31.7159,UG,6,
201510,-0.235556,30.8725,UG,4,
201510,-0.141667,29.8303,UG,1,
201510,0.016667,32.9333,UG,1,
201510,0.1,32,UG,3,
201510,0.315556,32.5656,UG,34,
201510,0.333333,32.5667,UG,9,
201510,0.424444,33.2042,UG,1,
201510,0.514444,32.7553,UG,2,
201510,0.573869,32.5154,UG,2,
201510,0.639444,33.3189,UG,1,
201510,0.693889,30.2664,UG,2,
201510,0.766667,30.9,UG,1,
201510,0.912778,33.0247,UG,2,
201510,0.930146,31.0326,UG,3,
201510,1,32,UG,15,
201510,1.07056,34.1028,UG,1,
201510,1.68556,33.6164,UG,2,
201510,2.85604,32.43,UG,2,
201510,50.1483,-5.07611,UK,2,
201510,50.5333,-3.6,UK,3,
201510,50.6339,-4.36444,UK,2,
201510,50.7,-3.53333,UK,2,
201510,50.7333,-2.93333,UK,1,
201510,50.8333,-0.15,UK,5,
201510,50.9167,-0.083333,UK,6,
201510,50.9167,-0.533333,UK,1,
201510,50.9167,0.333333,UK,1,
201510,50.9167,-0.5,UK,2,
201510,50.9333,-3.16667,UK,2,
201510,50.95,-2.63333,UK,2,
201510,50.9833,-1.5,UK,2,
201510,51,-0.416667,UK,2,
201510,51.0833,1.18333,UK,2,
201510,51.0833,-1.16667,UK,6,
201510,51.1297,-3.00056,UK,1,
201510,51.1333,1.3,UK,9,
201510,51.1667,-0.183333,UK,3,
201510,51.2167,-2.98333,UK,1,
201510,51.2167,-0.566667,UK,1,
201510,51.2833,0.133333,UK,3,
201510,51.35,1.36667,UK,2,
201510,51.3667,1.13333,UK,1,
201510,51.3833,-0.1,UK,1,
201510,51.3833,-1.15,UK,1,
201510,51.3833,0.516667,UK,2,
201510,51.4,-0.333333,UK,1,
201510,51.4,-1.31667,UK,1,
201510,51.4163,-0.109466,UK,2,
201510,51.4167,-1.86667,UK,1,
201510,51.4167,-0.833333,UK,2,
201510,51.4333,-0.316667,UK,2,
201510,51.45,-2.58333,UK,12,
201510,51.4667,-0.1,UK,8,
201510,51.4667,-0.45,UK,9,
201510,51.4776,-0.010375,UK,1,
201510,51.4833,-0.166667,UK,1,
201510,51.5,-0.416667,UK,1,
201510,51.5,-0.133333,UK,29,
201510,51.5,-0.116667,UK,374,
201510,51.5,-0.083333,UK,1,
201510,51.5078,-0.122015,UK,2,
201510,51.5106,-2.69306,UK,1,
201510,51.5141,-0.093689,UK,1,
201510,51.5167,-1.78333,UK,2,
201510,51.5206,-0.036489,UK,6,
201510,51.55,0.166667,UK,2,
201510,51.55,-0.283333,UK,3,
201510,51.55,-0.483333,UK,1,
201510,51.5667,0.466667,UK,1,
201510,51.5833,-0.166667,UK,1,
201510,51.5931,-3.05306,UK,1,
201510,51.6167,-1.7,UK,1,
201510,51.6333,-0.766667,UK,1,
201510,51.6347,-3.00444,UK,2,
201510,51.65,0.05,UK,1,
201510,51.6778,-3.13528,UK,1,
201510,51.7167,0.9,UK,1,
201510,51.7328,-3.06639,UK,2,
201510,51.75,-0.75,UK,3,
201510,51.8167,-0.8,UK,2,
201510,51.8333,-4.16667,UK,3,
201510,51.8333,-2.25,UK,1,
201510,51.8333,0.583333,UK,8,
201510,51.8333,1.25,UK,1,
201510,51.8333,-0.25,UK,1,
201510,51.8333,-2.16667,UK,2,
201510,51.8831,-4.01583,UK,1,
201510,51.8833,-0.516667,UK,1,
201510,51.9,-1.15,UK,1,
201510,51.9,-2.08333,UK,1,
201510,51.9167,-2.25,UK,1,
201510,51.95,0.633333,UK,1,
201510,52.0333,1.1,UK,1,
201510,52.0833,-1.93333,UK,1,
201510,52.1167,-2.31667,UK,2,
201510,52.15,-2.68333,UK,2,
201510,52.1667,-4.15,UK,1,
201510,52.2,0.116667,UK,24,
201510,52.316,-0.848108,UK,1,
201510,52.3167,0.3,UK,1,
201510,52.35,-1.58333,UK,1,
201510,52.4,-1.98333,UK,3,
201510,52.45,-2.05,UK,4,
201510,52.45,0.05,UK,1,
201510,52.5,-1.96667,UK,2,
201510,52.5167,-1.46667,UK,1,
201510,52.6333,-1.13333,UK,2,
201510,52.6649,-1.03489,UK,2,
201510,52.6667,0,UK,3,
201510,52.6667,0.166667,UK,1,
201510,52.6833,-1.9,UK,2,
201510,52.75,-1.5,UK,3,
201510,52.7667,-0.883333,UK,1,
201510,52.7833,-1.18333,UK,1,
201510,52.8,-0.8,UK,5,
201510,52.8333,-3.91667,UK,2,
201510,52.8333,-2,UK,22,
201510,52.9167,-3.58333,UK,1,
201510,52.9667,-1.16667,UK,25,
201510,53,-2.18333,UK,1,
201510,53.05,-3,UK,2,
201510,53.1667,-0.25,UK,3,
201510,53.25,-2.11667,UK,5,
201510,53.25,-3.16667,UK,1,
201510,53.3333,-3.08333,UK,1,
201510,53.35,-2.73333,UK,1,
201510,53.3833,-1.36667,UK,2,
201510,53.4167,-1.8,UK,1,
201510,53.4333,-1.35,UK,1,
201510,53.45,-1.25,UK,1,
201510,53.45,-2.23333,UK,7,
201510,53.45,-2.73333,UK,1,
201510,53.4667,-2.93333,UK,3,
201510,53.5,-2.21667,UK,71,
201510,53.5833,-0.65,UK,1,
201510,53.7,-1.58333,UK,2,
201510,53.7667,-2.35,UK,3,
201510,53.9833,-1.53333,UK,1,
201510,54,-2,UK,304,
201510,54,-4,UK,3,
201510,54.1667,-1.5,UK,2,
201510,54.2,-3.1,UK,2,
201510,54.4333,-7.76667,UK,1,
201510,54.5,-1.35,UK,1,
201510,54.5,-6.5,UK,20,
201510,54.55,-5.96667,UK,1,
201510,54.5833,-5.93333,UK,53,
201510,54.5833,-3.68333,UK,2,
201510,54.65,-1.66667,UK,2,
201510,54.6667,-6,UK,2,
201510,55.05,-6.06667,UK,2,
201510,55.0667,-3.55,UK,2,
201510,55.2167,-6.23333,UK,2,
201510,55.4667,-3.65,UK,1,
201510,55.5,-4.5,UK,1,
201510,55.5833,-3.83333,UK,4,
201510,55.75,-4.33333,UK,1,
201510,55.8,-6.2,UK,4,
201510,55.8167,-4.18333,UK,1,
201510,55.8333,-4.25,UK,22,
201510,55.8667,-4.25,UK,2,
201510,55.8833,-4.21667,UK,1,
201510,55.9333,-4.75,UK,1,
201510,55.9333,-2.76667,UK,1,
201510,55.95,-3.2,UK,16,
201510,56.0667,-3.71667,UK,1,
201510,56.0833,-5.58333,UK,1,
201510,56.2,-2.96667,UK,2,
201510,56.2,-4.73333,UK,1,
201510,56.3167,-3.01667,UK,2,
201510,56.4667,-2.91667,UK,1,
201510,56.6667,-5.08333,UK,1,
201510,56.7833,-3.13333,UK,1,
201510,56.8833,-5.66667,UK,1,
201510,57.05,-3.05,UK,1,
201510,59.15,-2.61667,UK,9,
201510,45,34,UP,10,
201510,46.1952,30.3494,UP,1,
201510,46.4639,30.7386,UP,3,
201510,48.5,38.5,UP,7,
201510,48.9215,24.7097,UP,1,
201510,49,32,UP,48,
201510,49.8407,24.0305,UP,2,
201510,49.9808,36.2527,UP,8,
201510,50.4333,30.5167,UP,34,
201510,38.8833,77.0167,US,72,
201510,18.2297,-66.0427,US,1,
201510,18.2766,-66.335,US,7,
201510,20.9228,-156.311,US,10,
201510,21.1098,-157.531,US,28,
201510,21.3069,-157.858,US,11,
201510,21.3083,-157.883,US,1,
201510,21.3404,-157.881,US,1,
201510,25.7743,-80.1937,US,27,
201510,25.8901,-80.1867,US,3,
201510,26.0409,-97.2958,US,1,
201510,26.1434,-80.1303,US,4,
201510,26.1504,-80.4831,US,1,
201510,26.1906,-97.6961,US,1,
201510,26.3587,-80.0831,US,2,
201510,26.4187,-81.4173,US,5,
201510,26.5006,-81.1998,US,1,
201510,26.567,-81.8831,US,1,
201510,26.6503,-80.4498,US,2,
201510,27.495,-82.6029,US,2,
201510,27.765,-82.5825,US,1,
201510,27.7903,-97.6689,US,2,
201510,27.8006,-97.3964,US,1,
201510,27.8333,-81.717,US,125,
201510,27.9475,-82.4584,US,4,
201510,27.9659,-82.8001,US,1,
201510,28.0345,-80.5887,US,13,
201510,28.1707,-82.5783,US,1,
201510,28.292,-80.7492,US,3,
201510,28.4586,-81.2915,US,1,
201510,28.4769,-82.5255,US,2,
201510,28.5383,-81.3792,US,7,
201510,28.5553,-82.3879,US,2,
201510,28.7086,-81.2081,US,1,
201510,29.1686,-81.5209,US,1,
201510,29.4241,-98.4936,US,17,
201510,29.4783,-94.5799,US,3,
201510,29.5837,-95.7643,US,1,
201510,29.6197,-95.6349,US,2,
201510,29.6722,-90.5348,US,1,
201510,29.71,-95.3957,US,2,
201510,29.7633,-95.3633,US,31,
201510,29.8336,-95.4002,US,1,
201510,29.9546,-90.0751,US,2,
201510,30.028,-90.067,US,3,
201510,30.0933,-95.9877,US,1,
201510,30.1105,-97.3153,US,1,
201510,30.1669,-96.3977,US,3,
201510,30.1669,-84.3332,US,1,
201510,30.1955,-93.8904,US,2,
201510,30.2085,-85.6244,US,2,
201510,30.2497,-82.9993,US,1,
201510,30.2697,-81.5073,US,2,
201510,30.3052,-97.7522,US,2,
201510,30.3252,-94.8085,US,1,
201510,30.3322,-81.6556,US,9,
201510,30.3335,-97.8003,US,1,
201510,30.3577,-81.6476,US,2,
201510,30.4694,-83.6302,US,1,
201510,30.5538,-87.7119,US,1,
201510,30.6221,-95.7211,US,2,
201510,30.6257,-86.1666,US,6,
201510,30.8055,-99.4098,US,1,
201510,30.8327,-83.2785,US,1,
201510,31.0193,-91.7479,US,1,
201510,31.106,-97.6475,US,171,
201510,31.1801,-91.8749,US,37,
201510,31.2504,-99.2506,US,7,
201510,31.2627,-86.7711,US,1,
201510,31.3335,-95.4169,US,4,
201510,31.3599,-84.6702,US,1,
201510,31.6818,-98.9609,US,1,
201510,31.7587,-106.487,US,18,
201510,31.8668,-102.05,US,1,
201510,31.8949,-85.1455,US,1,
201510,32.0004,-112.003,US,2,
201510,32.0213,-94.9555,US,1,
201510,32.1296,-85.7236,US,1,
201510,32.2217,-110.926,US,3,
201510,32.3001,-99.8337,US,1,
201510,32.5168,-94.8169,US,2,
201510,32.5671,-83.9074,US,1,
201510,32.5835,-86.15,US,2,
201510,32.6335,-93.9002,US,1,
201510,32.6808,-117.178,US,2,
201510,32.7153,-117.157,US,38,
201510,32.7198,-114.555,US,1,
201510,32.7254,-97.3208,US,2,
201510,32.7393,-96.8111,US,1,
201510,32.7434,-109.883,US,1,
201510,32.7668,-96.7836,US,1,
201510,32.7668,-97.3003,US,1,
201510,32.7673,-89.6812,US,28,
201510,32.7766,-79.9309,US,7,
201510,32.7831,-96.8067,US,24,
201510,32.792,-115.563,US,1,
201510,32.799,-86.8073,US,45,
201510,32.8318,-83.6499,US,3,
201510,32.8546,-79.9748,US,3,
201510,32.9573,-95.2902,US,1,
201510,33.0334,-116.801,US,3,
201510,33.0767,-117.056,US,1,
201510,33.1585,-86.2386,US,1,
201510,33.2001,-97.1336,US,2,
201510,33.2098,-87.5692,US,3,
201510,33.2151,-87.5467,US,4,
201510,33.2668,-82.9665,US,1,
201510,33.3268,-83.3885,US,1,
201510,33.3581,-111.85,US,1,
201510,33.3968,-84.5958,US,1,
201510,33.421,-82.1621,US,2,
201510,33.4306,-111.941,US,5,
201510,33.4484,-112.074,US,78,
201510,33.4837,-86.7739,US,2,
201510,33.5,-112.501,US,3,
201510,33.5501,-83.8499,US,1,
201510,33.5724,-112.089,US,2,
201510,33.6334,-97.217,US,2,
201510,33.6695,-117.823,US,2,
201510,33.7,-117.768,US,3,
201510,33.7168,-93.6668,US,1,
201510,33.749,-84.388,US,28,
201510,33.767,-118.189,US,2,
201510,33.7712,-111.388,US,45,
201510,33.8191,-80.9066,US,61,
201510,33.8609,-118.234,US,4,
201510,33.8958,-118.22,US,2,
201510,33.9203,-117.279,US,1,
201510,33.9243,-84.3785,US,1,
201510,33.9334,-84.5666,US,1,
201510,33.9529,-81.6937,US,5,
201510,33.9597,-118.401,US,3,
201510,33.988,-80.3279,US,2,
201510,33.9925,-117.516,US,1,
201510,34.0004,-81.0001,US,1,
201510,34.0168,-80.9165,US,5,
201510,34.0195,-118.491,US,3,
201510,34.0207,-84.4874,US,1,
201510,34.0522,-118.244,US,43,
201510,34.0542,-118.254,US,1,
201510,34.0689,-118.32,US,1,
201510,34.0736,-117.865,US,1,
201510,34.0736,-118.241,US,1,
201510,34.0736,-118.4,US,1,
201510,34.09,-118.362,US,1,
201510,34.0983,-118.327,US,44,
201510,34.1083,-117.29,US,3,
201510,34.1088,-79.5731,US,3,
201510,34.1203,-116.932,US,2,
201510,34.2625,-118.427,US,1,
201510,34.3665,-89.5354,US,1,
201510,34.3667,-118.201,US,5,
201510,34.3668,-89.5354,US,1,
201510,34.374,-80.0734,US,2,
201510,34.4301,-119.087,US,1,
201510,34.4668,-84.4499,US,2,
201510,34.4902,-77.4316,US,4,
201510,34.7711,-112.058,US,2,
201510,34.8334,-84.9666,US,1,
201510,34.8375,-106.237,US,16,
201510,34.9168,-82.7165,US,1,
201510,34.9513,-92.3809,US,22,
201510,34.9582,-81.9379,US,2,
201510,35.0456,-85.3097,US,1,
201510,35.054,-93.3935,US,1,
201510,35.0699,-81.6068,US,2,
201510,35.0845,-106.651,US,5,
201510,35.0964,-77.0719,US,2,
201510,35.1501,-84.0332,US,1,
201510,35.19,-111.658,US,5,
201510,35.1945,-84.8674,US,1,
201510,35.2122,-120.857,US,1,
201510,35.222,-101.831,US,1,
201510,35.2271,-80.8431,US,3,
201510,35.2451,-81.3412,US,2,
201510,35.2668,-80.8498,US,2,
201510,35.2971,-80.7362,US,1,
201510,35.3137,-82.4935,US,1,
201510,35.3187,-82.461,US,1,
201510,35.338,-116.109,US,1,
201510,35.3473,-86.2011,US,2,
201510,35.4001,-81.9165,US,3,
201510,35.4865,-85.0219,US,1,
201510,35.5376,-96.9247,US,18,
201510,35.5402,-76.623,US,4,
201510,35.6009,-82.554,US,3,
201510,35.618,-118.473,US,1,
201510,35.6411,-79.8431,US,54,
201510,35.6501,-80.5164,US,2,
201510,35.671,-80.4839,US,1,
201510,35.7001,-83.9499,US,3,
201510,35.7449,-86.7489,US,59,
201510,35.7721,-78.6386,US,5,
201510,35.7835,-78.6331,US,2,
201510,35.8313,-78.5433,US,1,
201510,35.837,-91.386,US,2,
201510,35.9786,-114.832,US,2,
201510,36.0011,-78.9375,US,1,
201510,36.0015,-78.94,US,1,
201510,36.0731,-109.892,US,5,
201510,36.1001,-95.9003,US,2,
201510,36.1335,-80.2331,US,1,
201510,36.1501,-82.8499,US,8,
201510,36.1659,-86.7844,US,3,
201510,36.17,-119.746,US,188,
201510,36.175,-115.137,US,30,
201510,36.2127,-121.126,US,1,
201510,36.2159,-82.6882,US,1,
201510,36.2505,-121.252,US,1,
201510,36.2625,-112.255,US,2,
201510,36.3001,-82.1332,US,1,
201510,36.3134,-82.3535,US,1,
201510,36.3549,-79.6645,US,1,
201510,36.3729,-94.2088,US,1,
201510,36.5828,-105.594,US,2,
201510,36.6177,-121.917,US,1,
201510,36.6729,-79.1581,US,3,
201510,36.7334,-91.4168,US,1,
201510,36.7477,-119.772,US,6,
201510,36.7586,-88.6514,US,1,
201510,36.8834,-87.4833,US,3,
201510,36.9375,-110.813,US,1,
201510,36.9712,-93.7158,US,1,
201510,36.9772,-121.899,US,1,
201510,36.9967,-111.49,US,2,
201510,36.9976,-79.892,US,3,
201510,36.9992,-109.041,US,2,
201510,37.0436,-122.059,US,1,
201510,37.052,-97.4053,US,1,
201510,37.0785,-79.0942,US,2,
201510,37.1299,-80.4089,US,4,
201510,37.1886,-99.7657,US,1,
201510,37.2153,-93.2982,US,2,
201510,37.2198,-93.2844,US,1,
201510,37.2327,-77.3597,US,2,
201510,37.2334,-96.8336,US,1,
201510,37.2491,-96.9781,US,1,
201510,37.2528,-89.6598,US,1,
201510,37.2748,-119.2,US,2,
201510,37.2835,-80.0498,US,4,
201510,37.3079,-75.9519,US,2,
201510,37.3102,-79.9854,US,2,
201510,37.3205,-122.021,US,1,
201510,37.3333,-108.551,US,2,
201510,37.334,-121.987,US,2,
201510,37.3796,-89.6525,US,1,
201510,37.3852,-122.114,US,3,
201510,37.4041,-121.977,US,4,
201510,37.4241,-122.166,US,4,
201510,37.4283,-121.907,US,1,
201510,37.4289,-122.17,US,2,
201510,37.4419,-122.143,US,1,
201510,37.4499,-122.351,US,1,
201510,37.4797,-122.451,US,4,
201510,37.5499,-121.002,US,1,
201510,37.5538,-77.4603,US,5,
201510,37.6305,-122.411,US,2,
201510,37.6657,-82.7715,US,1,
201510,37.669,-84.6514,US,47,
201510,37.6922,-97.3375,US,3,
201510,37.7001,-82.1499,US,2,
201510,37.7393,-81.4537,US,1,
201510,37.7505,-109.501,US,1,
201510,37.7599,-122.419,US,1,
201510,37.768,-78.2057,US,58,
201510,37.7694,-122.434,US,2,
201510,37.7749,-122.419,US,66,
201510,37.7809,-90.4218,US,1,
201510,37.7834,-96.8336,US,1,
201510,37.8037,-122.417,US,2,
201510,37.8044,-122.271,US,9,
201510,37.8058,-122.412,US,1,
201510,37.8269,-122.423,US,3,
201510,37.8358,-122.25,US,2,
201510,37.8499,-119.568,US,2,
201510,37.8716,-122.273,US,16,
201510,37.9166,-118.868,US,3,
201510,37.9333,-121.301,US,2,
201510,37.9514,-86.7678,US,1,
201510,37.9733,-122.126,US,1,
201510,37.9766,-121.218,US,1,
201510,37.9771,-122.295,US,1,
201510,37.985,-103.544,US,6,
201510,38,-97,US,529,
201510,38.0006,-84.9666,US,1,
201510,38.0293,-78.4767,US,8,
201510,38.0335,-78.5497,US,2,
201510,38.0637,-87.3936,US,2,
201510,38.1238,-121.215,US,1,
201510,38.1834,-83.4332,US,11,
201510,38.2009,-84.8733,US,4,
201510,38.2278,-89.0587,US,1,
201510,38.2382,-122.04,US,2,
201510,38.2399,-122.45,US,2,
201510,38.2542,-85.7594,US,4,
201510,38.2667,-90.5835,US,1,
201510,38.2919,-122.458,US,1,
201510,38.3334,-81.5665,US,1,
201510,38.3782,-78.9694,US,2,
201510,38.4199,-117.122,US,34,
201510,38.4623,-92.302,US,49,
201510,38.4666,-121.318,US,2,
201510,38.468,-80.9696,US,15,
201510,38.5111,-96.8005,US,30,
201510,38.5474,-121.47,US,1,
201510,38.5566,-121.735,US,1,
201510,38.5816,-121.494,US,7,
201510,38.6105,-122.869,US,1,
201510,38.6451,-90.2857,US,1,
201510,38.6452,-90.2569,US,4,
201510,38.6481,-90.3071,US,1,
201510,38.6777,-90.1105,US,4,
201510,38.6952,-121.162,US,2,
201510,38.7073,-77.023,US,2,
201510,38.7484,-92.4085,US,1,
201510,38.7826,-77.0151,US,1,
201510,38.8121,-77.6364,US,1,
201510,38.818,-122.718,US,1,
201510,38.8339,-104.821,US,3,
201510,38.8405,-105.044,US,1,
201510,38.85,-107.851,US,2,
201510,38.8501,-77.3497,US,2,
201510,38.859,-77.3069,US,2,
201510,38.876,-99.3283,US,2,
201510,38.8773,-77.0178,US,2,
201510,38.8795,-82.9968,US,1,
201510,38.8862,-77.025,US,1,
201510,38.889,-77.0003,US,11,
201510,38.8896,-77.0353,US,1,
201510,38.8898,-75.4566,US,1,
201510,38.8934,-89.4087,US,2,
201510,38.8951,-77.0364,US,625,
201510,38.8964,-77.0262,US,9,
201510,38.899,-77.0422,US,1,
201510,38.9015,-77.0622,US,1,
201510,38.9073,-77.0726,US,1,
201510,38.9084,-77.0441,US,4,
201510,38.9171,-77.0566,US,16,
201510,38.9329,-76.9978,US,2,
201510,38.9435,-77.0643,US,2,
201510,38.9459,-92.3277,US,5,
201510,38.9515,-75.3132,US,2,
201510,38.9712,-77.0764,US,2,
201510,38.9784,-76.4922,US,1,
201510,38.9807,-77.1003,US,1,
201510,38.9976,-77.1019,US,1,
201510,39.0167,-87.7667,US,1,
201510,39.0418,-76.0663,US,1,
201510,39.0457,-95.7203,US,4,
201510,39.0483,-95.678,US,2,
201510,39.0639,-108.551,US,1,
201510,39.0646,-105.327,US,43,
201510,39.0724,-76.7902,US,52,
201510,39.0999,-122.784,US,4,
201510,39.1314,-84.5163,US,2,
201510,39.1559,-112.691,US,1,
201510,39.162,-84.4569,US,10,
201510,39.1662,-86.5264,US,1,
201510,39.1834,-84.5333,US,1,
201510,39.2014,-85.9214,US,1,
201510,39.2168,-78.2497,US,1,
201510,39.2273,-84.1513,US,4,
201510,39.2504,-76.933,US,3,
201510,39.2616,-121.016,US,1,
201510,39.2869,-112.653,US,3,
201510,39.2879,-76.6248,US,1,
201510,39.2904,-76.6122,US,29,
201510,39.2909,-76.6105,US,1,
201510,39.3111,-94.9225,US,2,
201510,39.3195,-88.4528,US,1,
201510,39.3303,-84.4083,US,2,
201510,39.3498,-75.5148,US,17,
201510,39.3501,-82.0499,US,1,
201510,39.4366,-121.177,US,2,
201510,39.4431,-82.2218,US,1,
201510,39.4587,-82.2318,US,1,
201510,39.6333,-105.267,US,1,
201510,39.7274,-104.992,US,1,
201510,39.7392,-104.985,US,55,
201510,39.7403,-104.984,US,3,
201510,39.7426,-74.726,US,2,
201510,39.7446,-122.194,US,1,
201510,39.7504,-77.375,US,2,
201510,39.7589,-84.1916,US,1,
201510,39.7684,-86.158,US,3,
201510,39.7918,-75.633,US,2,
201510,39.8017,-89.6437,US,1,
201510,39.8198,-89.6015,US,1,
201510,39.8259,-88.217,US,1,
201510,39.8334,-81.4665,US,5,
201510,39.8403,-88.9548,US,2,
201510,39.8647,-86.2604,US,42,
201510,39.8786,-93.1888,US,2,
201510,39.8833,-112.624,US,1,
201510,39.8962,-76.1602,US,1,
201510,39.9298,-91.3401,US,1,
201510,39.9307,-75.3202,US,2,
201510,39.9471,-75.2921,US,1,
201510,39.9487,-75.1502,US,1,
201510,39.9509,-75.1935,US,1,
201510,39.9512,-75.1499,US,1,
201510,39.9523,-75.1638,US,58,
201510,39.954,-75.193,US,4,
201510,39.9607,-75.6055,US,1,
201510,39.9612,-82.9988,US,4,
201510,39.9667,-83.0166,US,1,
201510,39.9736,-86.1447,US,1,
201510,39.9809,-75.153,US,1,
201510,39.9933,-112.387,US,1,
201510,39.9956,-82.6743,US,1,
201510,39.9973,-86.3458,US,1,
201510,39.9993,-76.3566,US,2,
201510,40.0025,-106.485,US,4,
201510,40.0068,-105.271,US,2,
201510,40.0098,-82.9741,US,1,
201510,40.015,-105.271,US,11,
201510,40.0165,-75.1438,US,1,
201510,40.0279,-74.8691,US,1,
201510,40.041,-122.171,US,1,
201510,40.0912,-74.7138,US,1,
201510,40.0946,-75.1488,US,1,
201510,40.1086,-88.2284,US,1,
201510,40.1135,-111.854,US,35,
201510,40.1164,-88.2434,US,1,
201510,40.1254,-75.8749,US,2,
201510,40.1262,-82.9291,US,4,
201510,40.1304,-75.5149,US,1,
201510,40.202,-84.8091,US,1,
201510,40.2171,-74.7429,US,3,
201510,40.2504,-77.375,US,3,
201510,40.2795,-75.3871,US,1,
201510,40.3015,-79.5389,US,1,
201510,40.314,-74.5089,US,30,
201510,40.3363,-89.0022,US,41,
201510,40.3736,-82.7755,US,54,
201510,40.4284,-79.6975,US,1,
201510,40.4398,-76.5983,US,4,
201510,40.4426,-79.9589,US,2,
201510,40.4592,-90.6718,US,1,
201510,40.4723,-78.7484,US,1,
201510,40.4748,-92.2755,US,2,
201510,40.4864,-86.1336,US,9,
201510,40.4993,-124.106,US,1,
201510,40.5312,-89.9459,US,1,
201510,40.5347,-95.3191,US,2,
201510,40.5672,-105.594,US,1,
201510,40.5773,-77.264,US,57,
201510,40.5834,-74.1496,US,2,
201510,40.5853,-105.084,US,2,
201510,40.6334,-74.2663,US,1,
201510,40.634,-74.0146,US,2,
201510,40.6365,-74.0854,US,2,
201510,40.6943,-73.9187,US,2,
201510,40.6968,-74.0282,US,1,
201510,40.6987,-73.9907,US,1,
201510,40.7159,-73.9868,US,5,
201510,40.7287,-73.996,US,2,
201510,40.7357,-74.1724,US,1,
201510,40.7409,-73.941,US,1,
201510,40.7423,-74.1787,US,1,
201510,40.744,-74.0324,US,1,
201510,40.7493,-73.6407,US,1,
201510,40.7502,-119.626,US,1,
201510,40.7557,-73.8854,US,2,
201510,40.7561,-73.9853,US,1,
201510,40.757,-73.986,US,4,
201510,40.7584,-82.5154,US,1,
201510,40.7608,-111.891,US,8,
201510,40.7631,-89.2354,US,1,
201510,40.7649,-111.849,US,17,
201510,40.7654,-73.8174,US,1,
201510,40.7704,-73.9882,US,2,
201510,40.7705,-111.892,US,7,
201510,40.7735,-111.923,US,1,
201510,40.7745,-73.9718,US,1,
201510,40.7761,-73.9431,US,1,
201510,40.7766,-111.937,US,1,
201510,40.7834,-73.9662,US,14,
201510,40.7853,-73.9572,US,1,
201510,40.786,-124.168,US,2,
201510,40.7906,-89.3606,US,1,
201510,40.7907,-73.881,US,2,
201510,40.8075,-91.1129,US,3,
201510,40.809,-73.9613,US,3,
201510,40.8123,-91.1038,US,2,
201510,40.8197,-73.595,US,1,
201510,40.8334,-74.5329,US,2,
201510,40.8472,-73.8553,US,1,
201510,40.85,-90.6168,US,1,
201510,40.8509,-73.9701,US,2,
201510,40.8607,-74.1976,US,1,
201510,40.8744,-110.876,US,1,
201510,40.9478,-90.3712,US,2,
201510,40.9587,-74.0368,US,1,
201510,40.9636,-91.5579,US,2,
201510,41.0005,-112.001,US,2,
201510,41.0265,-73.6285,US,1,
201510,41.0467,-73.7896,US,2,
201510,41.0648,-72.4262,US,1,
201510,41.0706,-85.0144,US,1,
201510,41.0814,-81.519,US,4,
201510,41.0857,-73.8585,US,5,
201510,41.0999,-112.006,US,3,
201510,41.1289,-98.2883,US,16,
201510,41.1306,-85.1289,US,2,
201510,41.167,-73.2048,US,1,
201510,41.2619,-95.8608,US,2,
201510,41.2964,-92.6444,US,4,
201510,41.3082,-72.9282,US,3,
201510,41.3099,-122.311,US,4,
201510,41.3101,-72.9273,US,9,
201510,41.3137,-71.8498,US,2,
201510,41.3167,-80.7665,US,1,
201510,41.342,-74.1679,US,1,
201510,41.4168,-74.3163,US,2,
201510,41.417,-81.606,US,1,
201510,41.4201,-73.2821,US,3,
201510,41.4245,-91.0432,US,4,
201510,41.4334,-81.6665,US,1,
201510,41.4732,-72.0979,US,2,
201510,41.4768,-72.0998,US,2,
201510,41.4995,-81.6954,US,14,
201510,41.526,-124.065,US,2,
201510,41.5833,-93.6491,US,2,
201510,41.5834,-72.7622,US,57,
201510,41.5875,-109.203,US,1,
201510,41.5965,-72.8776,US,4,
201510,41.6005,-93.6091,US,7,
201510,41.6067,-87.6187,US,1,
201510,41.6303,-87.8539,US,1,
201510,41.6501,-83.6666,US,3,
201510,41.6772,-71.5101,US,48,
201510,41.6833,-93.5835,US,1,
201510,41.7234,-72.2198,US,1,
201510,41.7512,-75.8069,US,1,
201510,41.762,-72.742,US,1,
201510,41.7623,-87.6081,US,1,
201510,41.7798,-87.6459,US,2,
201510,41.7829,-72.517,US,2,
201510,41.8089,-88.0112,US,1,
201510,41.8334,-87.8501,US,2,
201510,41.85,-87.6501,US,117,
201510,41.8528,-87.6117,US,2,
201510,41.8709,-78.6614,US,1,
201510,41.8778,-87.6323,US,2,
201510,41.8787,-71.3826,US,3,
201510,41.8903,-87.6234,US,1,
201510,41.9075,-87.677,US,1,
201510,41.95,-88.4334,US,1,
201510,41.955,-87.9401,US,2,
201510,42.0046,-93.214,US,69,
201510,42.0083,-91.6441,US,2,
201510,42.0111,-87.8406,US,1,
201510,42.0193,-73.8815,US,1,
201510,42.0333,-93.9336,US,1,
201510,42.0411,-87.6901,US,5,
201510,42.0412,-83.1496,US,1,
201510,42.055,-86.0331,US,3,
201510,42.0631,-76.7872,US,1,
201510,42.0834,-71.0184,US,1,
201510,42.0987,-75.918,US,2,
201510,42.1015,-72.5906,US,2,
201510,42.1015,-72.5898,US,1,
201510,42.1181,-79.2937,US,3,
201510,42.1187,-72.6162,US,2,
201510,42.1292,-80.0851,US,1,
201510,42.1497,-74.9384,US,396,
201510,42.194,-71.7601,US,1,
201510,42.1946,-122.709,US,4,
201510,42.1959,-70.7259,US,1,
201510,42.2373,-71.5314,US,55,
201510,42.2418,-71.1662,US,1,
201510,42.2506,-83.2833,US,1,
201510,42.2626,-71.1542,US,1,
201510,42.2626,-71.8023,US,8,
201510,42.2709,-83.7263,US,1,
201510,42.2751,-71.8078,US,4,
201510,42.2751,-78.6728,US,1,
201510,42.2793,-71.1495,US,1,
201510,42.3223,-83.1763,US,23,
201510,42.3223,-72.6634,US,1,
201510,42.3314,-83.0458,US,12,
201510,42.334,-71.1048,US,4,
201510,42.3382,-71.1517,US,1,
201510,42.3398,-71.0939,US,2,
201510,42.3442,-75.1704,US,20,
201510,42.3539,-85.8628,US,1,
201510,42.3561,-83.0685,US,5,
201510,42.3584,-71.0598,US,93,
201510,42.3595,-71.0951,US,1,
201510,42.3603,-86.2684,US,3,
201510,42.3709,-71.1828,US,2,
201510,42.389,-72.5287,US,3,
201510,42.4251,-71.0662,US,2,
201510,42.439,-123.328,US,1,
201510,42.447,-76.483,US,1,
201510,42.4833,-90.8668,US,4,
201510,42.4981,-90.6932,US,1,
201510,42.5001,-70.8578,US,3,
201510,42.5042,-90.6815,US,7,
201510,42.5048,-71.1956,US,1,
201510,42.5083,-89.0318,US,1,
201510,42.5126,-73.1929,US,1,
201510,42.5278,-92.4455,US,1,
201510,42.5495,-74.1979,US,11,
201510,42.552,-70.8709,US,1,
201510,42.563,-114.461,US,1,
201510,42.5776,-121.866,US,2,
201510,42.5819,-114.474,US,3,
201510,42.582,-70.9314,US,1,
201510,42.5842,-87.824,US,1,
201510,42.6,-85.8667,US,2,
201510,42.6043,-72.7393,US,2,
201510,42.6153,-73.8942,US,1,
201510,42.6667,-83.3999,US,10,
201510,42.683,-103.413,US,1,
201510,42.7009,-73.1087,US,1,
201510,42.7184,-73.7537,US,1,
201510,42.7195,-82.4921,US,3,
201510,42.7229,-75.1254,US,1,
201510,42.737,-84.4839,US,1,
201510,42.7475,-107.209,US,11,
201510,42.7667,-78.6664,US,3,
201510,42.8126,-70.8773,US,1,
201510,42.8334,-77,US,6,
201510,42.8656,-73.771,US,2,
201510,42.8853,-90.9235,US,2,
201510,42.9125,-82.4869,US,1,
201510,42.9634,-85.6681,US,1,
201510,42.9709,-82.4249,US,6,
201510,42.9969,-102.555,US,6,
201510,43.0125,-87.9726,US,3,
201510,43.0134,-83.7141,US,1,
201510,43.0228,-83.6927,US,1,
201510,43.0389,-87.9065,US,3,
201510,43.0481,-76.1474,US,2,
201510,43.0583,-86.2509,US,1,
201510,43.0606,-88.1065,US,1,
201510,43.0667,-89.4335,US,2,
201510,43.0797,-96.1756,US,2,
201510,43.1339,-88.222,US,3,
201510,43.152,-76.061,US,1,
201510,43.1548,-77.6156,US,2,
201510,43.1851,-74.4893,US,1,
201510,43.2161,-123.354,US,1,
201510,43.2326,-71.7217,US,1,
201510,43.2364,-123.358,US,2,
201510,43.2723,-75.1899,US,1,
201510,43.2895,-123.333,US,28,
201510,43.2984,-72.4823,US,6,
201510,43.2995,-84.9442,US,3,
201510,43.3,-86.1334,US,2,
201510,43.3332,-123.168,US,4,
201510,43.3504,-84.5603,US,71,
201510,43.3654,-123.468,US,4,
201510,43.3767,-72.3468,US,2,
201510,43.4065,-124.224,US,1,
201510,43.41,-86.3487,US,1,
201510,43.4108,-71.5653,US,40,
201510,43.4553,-76.5105,US,2,
201510,43.4668,-70.6828,US,1,
201510,43.4799,-110.762,US,2,
201510,43.5279,-71.4704,US,1,
201510,43.55,-96.7003,US,1,
201510,43.5838,-119.055,US,4,
201510,43.6135,-116.203,US,9,
201510,43.6167,-73.0162,US,1,
201510,43.6229,-70.2076,US,3,
201510,43.6844,-110.69,US,3,
201510,43.7508,-87.7145,US,1,
201510,43.773,-88.4471,US,1,
201510,43.9003,-85.1483,US,1,
201510,43.9409,-72.6076,US,1,
201510,44.0165,-70.9806,US,1,
201510,44.0208,-88.1598,US,3,
201510,44.0407,-72.7093,US,114,
201510,44.046,-123.07,US,1,
201510,44.0931,-70.2159,US,1,
201510,44.1056,-70.2023,US,1,
201510,44.1166,-89.2507,US,3,
201510,44.1839,-73.4357,US,1,
201510,44.2394,-114.51,US,18,
201510,44.2503,-85.5003,US,1,
201510,44.2563,-89.6385,US,34,
201510,44.2853,-99.4632,US,10,
201510,44.3136,-123.299,US,1,
201510,44.349,-68.3442,US,3,
201510,44.467,-73.171,US,2,
201510,44.5643,-123.275,US,1,
201510,44.5672,-122.127,US,122,
201510,44.6069,-91.8843,US,3,
201510,44.6074,-69.3977,US,34,
201510,44.7631,-85.6206,US,1,
201510,44.7635,-121.266,US,3,
201510,44.7651,-69.7192,US,3,
201510,44.778,-69.5883,US,1,
201510,44.795,-91.5057,US,1,
201510,44.8172,-83.3033,US,1,
201510,44.8408,-93.2983,US,2,
201510,44.8614,-92.6238,US,2,
201510,44.9273,-67.0283,US,1,
201510,44.9369,-91.3929,US,1,
201510,44.9429,-123.035,US,1,
201510,44.9773,-93.2654,US,1,
201510,44.98,-93.2638,US,4,
201510,45.1333,-85.1367,US,1,
201510,45.1977,-93.3872,US,1,
201510,45.2414,-69.0031,US,1,
201510,45.4214,-83.8183,US,1,
201510,45.5112,-122.685,US,4,
201510,45.5235,-122.676,US,11,
201510,45.5284,-122.663,US,1,
201510,45.6698,-121.891,US,2,
201510,45.7326,-93.9196,US,43,
201510,45.7413,-108.68,US,1,
201510,46.0646,-118.343,US,1,
201510,46.098,-88.334,US,1,
201510,46.1349,-89.8877,US,1,
201510,46.1382,-122.938,US,1,
201510,46.2349,-119.095,US,1,
201510,46.2974,-118.32,US,2,
201510,46.4991,-87.6118,US,1,
201510,46.5254,-122.59,US,3,
201510,46.7833,-92.1066,US,2,
201510,46.8721,-113.994,US,6,
201510,46.9048,-110.326,US,12,
201510,46.9506,-124.051,US,1,
201510,46.9809,-123.889,US,2,
201510,47.0166,-113.801,US,3,
201510,47.1384,-122.901,US,2,
201510,47.1804,-122.016,US,3,
201510,47.4665,-121.818,US,2,
201510,47.5272,-87.7549,US,1,
201510,47.5362,-99.793,US,4,
201510,47.5578,-122.679,US,1,
201510,47.6062,-122.332,US,6,
201510,47.6434,-122.143,US,1,
201510,47.6538,-122.308,US,2,
201510,47.6558,-122.31,US,1,
201510,47.6588,-117.426,US,2,
201510,47.6987,-122.535,US,1,
201510,47.7009,-122.582,US,1,
201510,47.7171,-117.007,US,1,
201510,47.93,-97.0245,US,1,
201510,48.1799,-117.044,US,1,
201510,48.4665,-121.785,US,1,
201510,48.5126,-122.613,US,1,
201510,53.8736,-166.537,US,5,
201510,57.3961,-153.483,US,1,
201510,61.1903,-149.804,US,1,
201510,61.2181,-149.9,US,2,
201510,61.385,-152.268,US,22,
201510,64.8378,-147.716,US,3,
201510,65.7258,-168.42,US,4,
201510,66.6039,-160.007,US,4,
201510,12.3703,-1.52472,UV,19,
201510,12.4075,1.34667,UV,1,
201510,12.4828,-1.19333,UV,1,
201510,13,-2,UV,10,
201510,-34.4333,-57.4167,UY,1,
201510,-33,-56,UY,1,
201510,41,64,UZ,4,
201510,41.3167,69.25,UZ,1,
201510,8,-66,VE,10,
201510,8.54934,-72.3914,VE,3,
201510,10.1806,-68.0039,VE,9,
201510,10.5,-66.9167,VE,10,
201510,10.5002,-63.214,VE,4,
201510,10.6317,-71.6406,VE,1,
201510,18.5,-64.5,VI,1,
201510,10.35,107.067,VM,1,
201510,10.75,106.667,VM,5,
201510,11,107,VM,1,
201510,15.1167,108.8,VM,5,
201510,15.85,108.383,VM,1,
201510,15.8858,108.257,VM,1,
201510,16,106,VM,56,
201510,17.4667,106.633,VM,1,
201510,21.0333,105.85,VM,2,
201510,18.3333,-64.8333,VQ,1,
201510,41.9,12.45,VT,16,
201510,-23.8167,19.5667,WA,1,
201510,-22.57,17.0836,WA,2,
201510,-22.5231,17.0603,WA,1,
201510,-22,17,WA,1,
201510,-18.5,17.0833,WA,1,
201510,-17.9333,19.7667,WA,1,
201510,-17.8,23.3833,WA,6,
201510,-17.7833,15.6833,WA,1,
201510,-17.4667,15.8833,WA,1,
201510,31.5284,35.119,WE,4,
201510,31.5289,35.0999,WE,9,
201510,31.5293,35.0938,WE,5,
201510,31.5485,35.0867,WE,1,
201510,31.6667,35.25,WE,34,
201510,31.7049,35.2038,WE,6,
201510,31.7103,35.2624,WE,1,
201510,31.7155,35.1879,WE,3,
201510,31.7684,35.2381,WE,1,
201510,31.8,35.2,WE,12,
201510,31.8167,35.2333,WE,6,
201510,31.8629,35.2082,WE,3,
201510,31.8667,35.1667,WE,3,
201510,31.8976,35.204,WE,1,
201510,31.8994,35.2054,WE,2,
201510,31.9008,35.1973,WE,2,
201510,31.9026,35.1955,WE,108,
201510,31.925,35.2128,WE,6,
201510,31.9371,35.2032,WE,2,
201510,31.9539,35.2998,WE,3,
201510,31.9696,35.1941,WE,10,
201510,32.0839,35.1847,WE,24,
201510,32.2138,35.2867,WE,13,
201510,32.2164,35.2729,WE,1,
201510,32.2199,35.2636,WE,34,
201510,32.2216,35.1447,WE,7,
201510,32.25,35.1667,WE,5,
201510,32.3185,35.0593,WE,23,
201510,32.4594,35.3009,WE,5,
201510,24.5,-13,WI,2,
201510,27.135,-13.1625,WI,2,
201510,-27.1167,31.2,WZ,1,
201510,-26.4833,31.3333,WZ,1,
201510,-26.3167,31.1333,WZ,4,
201510,,,YI,3,
201510,13.075,45.4003,YM,2,
201510,13.3195,43.2448,YM,1,
201510,14.0158,45.855,YM,3,
201510,14.5425,49.1242,YM,14,
201510,14.5427,44.4051,YM,2,
201510,14.7662,43.0084,YM,1,
201510,14.7978,42.9545,YM,3,
201510,15,48,YM,123,
201510,15.3547,44.2067,YM,26,
201510,15.461,45.3253,YM,2,
201510,15.6942,43.6058,YM,2,
201510,16.9446,43.6961,YM,1,
201510,-16.3167,26.6667,ZA,3,
201510,-15.4167,28.2833,ZA,3,
201510,-15,30,ZA,9,
201510,-12.5167,27.8667,ZA,1,
201510,-12,27,ZA,1,
201510,-8.36667,29.8333,ZA,2,
201510,-20.1883,32.6236,ZI,2,
201510,-20.1148,31.0356,ZI,1,
201510,-20.1033,28.475,ZI,2,
201510,-20.1,28.5,ZI,1,
201510,-20,30,ZI,22,
201510,-19.9293,31.8153,ZI,3,
201510,-19.7556,27.7651,ZI,2,
201510,-19.6445,31.1518,ZI,3,
201510,-18.9106,27.1217,ZI,12,
201510,-18.6607,32.4411,ZI,1,
201510,-18.6114,31.5857,ZI,1,
201510,-18.4708,27.3066,ZI,1,
201510,-18.3667,26.4833,ZI,14,
201510,-18.3667,32.65,ZI,2,
201510,-17.9946,26.8446,ZI,3,
201510,-17.9235,25.843,ZI,1,
201510,-17.8547,30.99,ZI,1,
201510,-17.8547,31.3793,ZI,1,
201510,-17.8178,31.0447,ZI,16,
201510,-17,31,ZI,2,
201510,,,,1565,
